1430
687 0 
680.50000000000023 0 
686.96770523335886 6.6612285963632392 
674 0 
682.15087948568157 5.2808714481673125 
677.8787311599765 4.4692899005841324 
683.1579356363178 10.30879786403422 
686.87082400722875 13.321828989689202 
667.25000000000023 0 
669.36151531427095 4.4450343804509043 
673.96714009655307 6.6584824470032329 
678.77563621764705 10.407095607750119 
682.4512959880808 15.490440102343339 
686.70936540242485 19.981177858143916 
647 0 
653.75000000000011 0 
660.50000000000011 0 
663.99990080560053 5.0103810979521262 
668.0641666456271 9.9720240815194128 
673.86846195053442 13.316310745839003 
678.00247993937342 17.335724092178197 
682.36194079292841 22.163107365349134 
686.48334450935931 26.638650702397246 
651.31037105330688 4.6129285647605123 
646.96590241825027 6.6423721770850674 
657.41619683719148 6.2368712550011463 
662.3682914407658 9.8466319477683371 
664.125186875758 13.996251497948881 
668.42917760241994 16.475212850237146 
673.70399969013283 19.972838892312126 
677.86151147610701 24.325531225643463 
682.03528198233255 28.821432265374213 
686.19278247799355 33.293622138613486 
651.77414719863918 10.173365898982285 
646.86361396928908 13.284010034266661 
658.21066736202727 14.014791275544768 
662.76020153121362 19.427095496936992 
668.11795464187901 22.872330611517821 
673.47378734376923 26.627420120790415 
677.59157910810484 31.032664617856721 
681.71502275330988 35.476092245609316 
685.83770655354181 39.94546619302249 
652.16062278231323 16.904438218024143 
646.69314591785678 19.924232052089017 
657.19730391364078 21.151804176248891 
662.49432479973257 25.396276644820059 
667.84623688400563 29.335139664010175 
673.17785887780792 33.279406901804109 
677.24219937117232 37.695561480504125 
681.32157513970162 42.143566338084206 
685.41815009787695 46.593556597495699 
651.84677937685592 23.632083226891275 
646.45451610521775 26.562353193356813 
657.02632401258825 27.815556724659871 
662.27155429058428 31.907693073995322 
667.54000097981066 35.922230319710486 
672.81624823426102 39.92815094076294 
676.83464388836808 44.355661585798138 
680.87251553418662 48.795153718066494 
684.93415259662993 53.237267085531933 
651.58220939545743 30.45045824261058 
646.14774912088535 33.197685250832706 
656.75076611652014 34.493601881574186 
661.94660485873612 38.530066526713476 
667.16292775287934 42.552315378195402 
672.38898936848545 46.573003177786617 
676.36412571488847 51.002851660105314 
680.36254659634449 55.43783923983321 
684.38575965197344 59.875971688075943 
651.2542566245362 37.14764442050565 
645.77287645604042 39.829537201574041 
656.40294492633484 41.135905842922234 
661.5446941440091 45.166437583779604 
666.71373463447378 49.190554541285962 
671.89611628687271 53.213313788648541 
675.83006589677598 57.641847967027189 
679.78887318761315 62.073744395132259 
683.77302296111861 66.509045028579322 
650.86899373197866 43.778678103520122 
645.3299366384241 46.457215567095858 
655.95673557677742 47.784138356336847 
661.07296883104311 51.800522050567935 
666.19731389088508 55.823331248330383 
671.33766308453266 59.848432186834771 
675.23138007383443 64.274335529753799 
679.15079619455526 68.703249566535888 
683.09600028056627 73.135862616726371 
650.39630221923267 50.413709630789427 
644.81897534851566 53.08002477854059 
655.45450960806579 54.409576926441765 
660.53255495896315 58.423360301470723 
665.61376276984925 62.448627608039033 
670.71366398544558 66.47770702695027 
674.56768460392766 70.90029786969086 
678.44816868205373 75.326054770741166 
682.35475537617299 79.755801140250284 
649.86434436216803 57.015047963352956 
644.24004551683822 59.697267546030268 
654.89762699629148 61.019615155602857 
659.92714092717881 65.041515152326227 
664.96418012569484 69.068613334207072 
670.02416550188775 73.100487527261677 
673.83911371096951 77.519341032565876 
677.68100969949307 81.94164089306453 
681.54935795911877 86.368238754260929 
649.24586325458677 63.641259813152672 
643.59320740226599 66.308245231372922 
654.2388506412866 67.643764649723522 
659.25090402404612 71.65583101205668 
664.2554435457622 75.687511678608601 
669.26925447015367 79.716127428220304 
673.0456472864671 84.130880258721049 
676.84936039541583 88.54941212057588 
680.67988360787785 92.972555367517202 
648.56378949065299 70.260589801407448 
642.8785286512375 72.912258223291687 
653.53845656534861 74.252153575403057 
658.52832800677402 78.273821850905449 
663.4783120673892 82.297429875866086 
668.44902596017039 86.323982870030235 
672.1873200487986 90.73430552790262 
675.9532874822811 95.148751663549092 
679.74641367631739 99.568132925072732 
647.82443377098048 76.863094525063786 
642.09608433781182 79.508606314345684 
652.77342176510615 80.861806967213383 
657.72892953916801 84.885619479032243 
662.63402759394762 88.899931005137233 
667.563574843781 92.923411633468433 
671.26421500047184 97.328985751779882 
674.99287454081605 101.7390346793466 
678.74903623489718 106.15434899333243 
647.02578590167684 83.478797505026833 
641.24595698453493 86.09658907870913 
651.95297991265102 87.480995379272514 
656.83592506362675 91.489004824714087 
661.71282986798917 95.495668245730769 
666.6129957142831 99.51377312720652 
670.27642299510978 103.91428757353195 
673.96821276108471 108.31963408746743 
677.68784539577939 112.73058237597344 
646.12706574290485 90.104036130537338 
640.32823656411585 92.675506249977843 
651.01413581952693 94.098346265063782 
655.85531809647853 98.092510869747386 
660.70884950084485 102.09070933005422 
665.59738281741022 106.09442830382778 
669.22403832299233 110.48957655829405 
672.87939829711706 114.88992375204742 
676.56294042649279 119.29621805178031 
645.16267861975962 96.70604761983725 
639.34302048194468 99.24465809817498 
649.99639079519613 100.69996271204779 
654.81690443464481 104.6810302375667 
659.6494806059967 108.66849316589975 
664.51683135001269 112.66473153361545 
668.10715794322812 117.05421817947938 
671.72653228692252 121.44927913366286 
675.37442671200631 125.85064061588591 
644.13270067602309 103.28475261297081 
638.29041353951129 105.80334580512917 
648.93138260160413 107.27808120883017 
653.71543834731312 111.24989959358037 
658.52793184600171 115.23123815678203 
663.37143618746916 119.22403954203476 
666.92588174167929 123.60757951049915 
670.50971957640422 127.99707620632591 
674.12241576600923 132.39323457714843 
643.04159688694517 109.84872651725881 
637.17052787882028 112.35087183740681 
647.80274442588234 113.83605138508477 
672.80702522784634 138.92338465519788 
652.55526718627436 117.80176488150703 
657.34095750040422 121.78102833541163 
662.16129154393593 125.77171256974938 
665.68031262827731 130.14902835597852 
669.22907136793845 134.53269136902614 
641.88444051036822 116.39237470560532 
635.98348290792626 118.88654031598217 
671.42837884514654 145.44047607656623 
646.61006952169112 120.37068026829947 
667.88470799169681 141.0555019469177 
651.32690414809542 124.34097471797986 
656.08798084128728 128.32113592582598 
660.88649196502865 132.30710862065337 
664.37056156811684 136.67793295856021 
669.98660644220365 151.94389486932221 
640.65508814216571 122.90699303924779 
634.72940520773886 125.40965738183813 
666.47675961027869 147.56488654069301 
645.32925836299569 126.89449949172955 
662.99675594746316 143.19366378166978 
650.03021756643477 130.87754768730511 
654.77012429725039 134.85511401235587 
659.54714733358446 138.82958660998256 
665.00536484552833 154.06022473547361 
668.4818438741919 158.43302815562362 
639.361930648569 129.43727549318282 
633.4084284202894 131.91953155669995 
661.55903798341626 149.69559361420204 
643.99134015101833 133.43352574436213 
658.14340903802645 145.33851291669239 
648.66815836933938 137.42117085411934 
653.39443390033898 141.38072391482919 
660.05755691912327 156.18309564553795 
663.47066861359133 160.54089518423353 
666.91423296731409 164.90726444162206 
637.98421385589916 135.95648988936117 
632.02069311866285 138.41547409811113 
656.67543554947588 151.83325556539728 
642.57120719616023 140.01323930984987 
651.9879638807846 147.8751958290695 
647.24818883220053 143.96766029559404 
655.1433853228317 158.31318287667295 
658.49246791773237 162.65554018561866 
661.87283594652911 167.00626656305602 
665.28392144500697 171.3659939041398 
636.53575187129752 142.50951712790996 
630.56634665884644 144.89679934807199 
650.62908391720896 154.26621279748406 
641.03062712351948 146.64400117872421 
645.83674252306071 150.47163068697213 
649.4837609318995 160.4384145499294 
653.54741678255505 164.77766346432503 
656.86394398656648 169.11228570303669 
660.21205192026639 173.4556931393596 
663.59106284034021 177.80860867356148 
635.04142327469583 149.13109894334139 
629.04554301375856 151.36282507447353 
644.67590518824034 156.72104468688451 
639.51756872467661 153.47879047819026 
644.85907712944208 162.29180140798076 
648.04769725111885 166.26058206622903 
651.88768830859374 171.22606623224979 
655.17217665985709 175.55267509546545 
658.48844470390316 179.8885772184552 
661.835816394772 184.23450311238 
633.55267777076233 155.89458552058332 
627.45844258976035 157.81287280457289 
638.90302412649282 160.73471245593586 
641.90357699391825 167.2792711630386 
646.02046223740638 172.44542141884392 
650.16435822244 177.65776037088889 
653.41732567213819 181.97607046540031 
656.70222766807535 186.30420817095776 
660.01834694344291 190.64307408884576 
631.73853202323812 162.45199400830083 
625.80521202597481 164.24626814976529 
635.97001455849886 167.57461857563865 
640.05300292575328 173.4097763250135 
644.20065010594067 178.77015776538963 
648.37758477332738 184.07211535328221 
651.59959743281308 188.38175661481407 
654.85362127462611 192.70190921679895 
658.13882478720132 197.03372124517549 
629.97764692297881 169.19540662376991 
624.08602397676248 170.66234112092761 
634.08909836323664 174.46731160822861 
638.2233385872654 179.85452710815699 
642.36325482264022 185.173616792849 
646.52752612456118 190.46850093071797 
649.71924842342594 194.76897959210348 
652.94312759339221 199.08059637503425 
656.19742568665163 203.40584682405591 
628.17700059016204 175.7699062797586 
622.30105687773369 177.06042643362068 
632.26494695446831 181.00824834874302 
636.36503841479612 186.29149421314824 
640.47953943818754 191.5715930184069 
644.61434040665995 196.84628714831399 
647.77666963398303 201.13684213583227 
650.96998769015636 205.44126605489089 
654.19433371270577 209.75884662676071 
626.34167283994782 182.22373347990072 
620.45049469569881 183.43986380245286 
630.39353293140175 187.44251740326487 
634.45889173394414 192.68910961621225 
638.53976908077618 197.94508791529776 
642.6382022535538 203.20484957663081 
645.77142995418944 207.48584601669089 
648.93498395869744 211.78224211796802 
652.12973710789265 216.09212382590624 
624.45893139752025 188.61653602495525 
618.53452666298051 189.79999822392676 
628.47027394919326 193.82410349220916 
632.497968177546 199.05227225968179 
636.53973479631986 204.29389071027722 
640.59932432537698 209.54357691460638 
643.70370802790512 213.81537870238932 
646.83778957132256 218.10342387241894 
650.00382897068926 222.4050861006622 
622.51100092026525 194.97268880735609 
616.55335676289542 196.14014954721966 
626.4993790841437 200.16901841323795 
630.47658639815131 205.3888933811921 
634.47920051367794 210.62171011259451 
638.49792723100393 215.86185172881343 
641.57358948393733 220.12444465829796 
644.67885730909006 224.40392767137371 
647.81680850894895 228.69714168148164 
620.49883979440472 201.29706937157482 
614.50720135064853 202.45962434073979 
624.44183107122092 206.49109954998266 
628.3888320559696 211.70382821325617 
632.35489234756426 216.92954087824933 
636.33422995014189 222.1590619195145 
639.38122095585584 226.41257227709988 
642.45849127718736 230.68310311544937 
645.56888100582125 234.96769964591266 
618.42031096498215 207.59804642584552 
612.3962749100948 208.75776027788686 
622.3342485565621 212.79045004282784 
626.24044569216608 217.99571828594307 
630.16602970292934 223.21318777500662 
634.10845010020012 228.43459916767165 
637.12713519498482 232.67889987011313 
640.17700877326786 236.94029306912037 
643.26025777153859 241.21617021189448 
616.27480655822944 213.89336372180037 
610.22079914116841 215.03389568975805 
620.16601991963626 219.06603449850454 
624.02660284079377 224.26240670106009 
627.91588925709368 229.47208839043606 
631.82080558760163 234.68785391963291 
634.81159683104283 238.92288993043155 
637.83468311071101 243.17487303421623 
640.89115608120233 247.44196502796368 
614.07852332630023 220.14493758613568 
607.98100294041058 221.28736986907407 
617.9111612923474 225.31517424950889 
621.75465302525811 230.50479822976922 
625.60685126549743 235.70810675231655 
629.47151466785931 240.91821540405888 
632.43527995835052 245.14358097344245 
635.43175096636185 249.38623063892524 
638.46179909870966 253.64449745980858 
611.81331610348263 226.37534410219712 
605.67712234210239 227.51752343806382 
615.62785253861239 231.5375243793867 
619.43700269977796 236.73133816040072 
623.23498849762984 241.92381419706294 
627.06079600511407 247.12507165061052 
629.99810137180248 251.3405716631672 
632.96836071029384 255.57382435041109 
635.97241578699584 259.82318287260733 
609.47860511425688 232.60065926596297 
603.30940044080535 233.72369871229543 
613.26710693323525 237.74810698642932 
617.03024198872356 242.9349654241787 
620.80149939537785 248.12302011918734 
624.5888687311342 253.30780951039935 
627.50020948028896 257.51332321475189 
630.44457436107564 261.73718073634228 
633.4232408047734 265.97743890860011 
607.08323773487564 238.80707942714537 
600.87808729551568 239.90524005965935 
610.83667167393685 243.95333120798381 
614.57505214428909 249.13731661218489 
618.31904900537609 254.30914332068778 
622.0559526576933 259.46581474198103 
624.94166342381004 263.66136922903797 
627.86067189224048 267.87575913565348 
630.81451438997726 272.10668575934886 
604.60929781652385 245.00316520622511 
598.38343981566675 246.06149425371365 
608.33286952711865 250.15595830665086 
612.07416541637292 255.33443692906826 
615.76912139828232 260.44578752770485 
619.462286707825 265.59847991429052 
622.32267956946714 269.78423386316723 
625.2169075137034 273.98909902008654 
628.14648223014296 278.21034643214955 
602.06576326518905 251.17962879936442 
595.82572162924987 252.19181082062016 
605.75338350448965 256.32711902477763 
609.43779608587704 261.45223460179881 
613.11731625791981 266.57009033018977 
616.80814592902505 271.70521301048404 
619.64352230721249 275.88155519177997 
622.51343036612468 280.07701793127359 
625.41939531995752 284.28784701006578 
599.46108139328874 257.322394484553 
593.20520293334243 258.2955423789038 
603.10679745530842 262.45392960720403 
606.756556691534 267.55655920234591 
610.41258011221862 272.66279359139969 
622.63350980625069 290.33861690507086 
614.0938091169661 277.78542490859331 
616.90437840709376 281.95340752286165 
619.74994379643647 286.14037625633375 
596.7981229442446 263.43151912710937 
590.52216032736749 264.37204497128437 
600.41324186236091 268.55055633479378 
604.03138547876381 273.63261272743773 
607.66233757251337 278.72605545528472 
619.78908682070187 296.36208910378605 
616.92357972778098 292.18418125579421 
611.3195545907663 283.83852766276351 
614.10536915141176 288.00118691293648 
594.08009466156795 269.50763283717367 
587.77687662943788 270.42067838784544 
597.6624522557554 274.60323084061918 
601.24586875035629 279.67116243910516 
604.85414280877887 284.75894180669906 
616.88639230056333 302.35770040532378 
614.05679233157912 298.22700957919699 
611.24919901626185 294.02864298033114 
608.48566013642892 289.86393447670463 
591.30617303747954 275.54116145703273 
584.96964067615534 276.4408064798132 
594.85420493597951 280.62111074759895 
598.40456353180946 285.68342378596219 
601.98423537730434 290.76336847147496 
613.92569966172823 308.32488594801657 
611.10532024588758 304.19738160916967 
608.33176500457 300.03520003126431 
605.59240295114842 295.8610596755164 
588.46811330274284 281.54800623834774 
582.10074710627362 282.43179746324245 
591.98315815477577 286.61415581483107 
610.90728942382509 314.26308044190409 
595.50070609693887 291.672074490071 
599.05224909402295 296.74241958952712 
608.13561275489417 310.23364112472092 
605.34316622319443 306.0404434374513 
602.64005958848679 301.8293186758853 
585.56576193339424 287.52616725217649 
579.17049706469629 288.39302233208178 
607.83144360910603 320.17172917056587 
589.0493452556392 292.59429275190325 
605.09504300404683 316.18500925273327 
592.52704508012664 297.63698835565236 
596.05675912024401 302.69800698220712 
602.21733350300917 312.17899188736368 
599.62890624231864 307.76812729630365 
582.59068795566088 293.47967841225977 
576.17920252428303 294.32384643192137 
604.69845016193199 326.05027890151769 
601.956510457538 322.02329603315729 
600.03257808469789 327.17101059507104 
586.01687146921188 298.53107170790474 
598.7105240289178 318.16161753649351 
589.48132931071507 303.58659746448933 
593.00197282604802 308.63142989006218 
596.55922363596733 313.67689240321664 
579.54024428006039 299.39928711610304 
573.12717754905418 300.22364722762086 
601.50860294106485 331.89817804243563 
596.14260998823977 324.93216261015147 
596.74063963750257 331.41810620912815 
582.91257693306977 304.4895861470207 
593.43128999627822 319.55502668739405 
586.36735510548908 309.53428866412128 
589.91280349164379 314.52863325108143 
590.24540280001258 325.40195493981457 
576.41108050509786 305.34874455122542 
570.01474227824781 306.0918058123454 
598.26220163311268 337.71487692593723 
591.88132491273041 330.79412627000136 
593.51167692001673 337.34928879331613 
579.65658260414841 310.53798267653684 
586.87845775294522 320.34319800177633 
583.23699504701972 315.43189903861543 
584.12859607347286 325.97108748622878 
587.00189280127506 331.21711855616047 
573.20982134207418 311.34861073440999 
566.84222387340992 311.92770514054541 
594.95955165251519 343.49982808938637 
588.5925172260944 337.07951765243632 
590.0965851784041 343.17809719013991 
576.30313783597626 316.73007711403937 
580.31473745574044 321.1715405959406 
579.10045954378984 326.50876225825482 
581.22396699330943 331.23609260305682 
583.70109392460211 336.99996027676849 
570.03063132356453 317.45523527137044 
563.60995641342595 317.73073038605514 
591.60096402829367 349.25248654919199 
585.20994237035904 342.94016139583113 
586.70485887314555 348.94730066067768 
573.83233020627551 323.59543736826907 
575.04537408134365 330.57210457924589 
577.68236182508679 336.64145070279534 
580.3433402238818 342.74992258668215 
566.64770388680415 323.35808135763966 
560.31828077163982 323.50026929372689 
588.1867552778042 354.97231006906514 
581.82121572584117 348.68617454777097 
583.26157453187216 354.66740248928755 
569.26441913559495 329.36347157907244 
571.61584989821563 336.00322533163427 
574.26224581691588 342.25713344808111 
576.92896589492318 348.46644772203081 
563.06277865272943 329.33193518514355 
556.96754447536978 329.23571252383442 
584.71724726776347 360.65875942171306 
578.3683687132251 354.39224172149011 
579.77077324325637 360.34741998658814 
565.60642614155552 335.35324177836344 
568.19209955528913 341.71992715229902 
570.81191650442577 347.95167667371948 
573.45830528783711 354.14897767678286 
559.57229750541296 335.18083457822405 
553.55810154816447 334.93645398850219 
581.19276706282301 366.31129864346127 
574.86273236398961 360.06453811215533 
576.22159736544654 365.98978192724826 
562.13816415591668 341.28079692244506 
564.71663081753684 347.46273224186234 
567.31370477974576 353.63502642925732 
569.9316929192297 359.79695420986928 
556.09967218465545 340.94329596101886 
550.0903123351635 340.60189117942701 
577.61364676199116 371.92939528130017 
571.27301930401643 365.69093061757212 
572.61625652237433 371.59444540040926 
558.64185873104998 347.02474982290232 
561.19731965212475 353.14671874296704 
563.76558846186231 359.27764090704301 
566.34946348420783 365.4098188526815 
552.59298577163133 346.62522926892615 
546.56454331196051 346.23142548617392 
573.98022332321818 377.51252063187064 
567.64790593541181 371.28045302162849 
568.96096571423186 377.16308686100842 
555.10538597401535 352.68634564559187 
557.62952856974789 358.77538918869732 
560.16477963843147 364.8780246421195 
562.71195186819546 370.98701291694721 
549.0477994012823 352.25069197756289 
542.98116687738786 351.82446250434361 
570.29283837647733 383.06014997190846 
563.97392136448718 376.83485072144487 
565.25458518613698 382.69581247532892 
551.52012875007961 358.29000075401359 
554.00908898701516 364.35671753680884 
556.50875949904491 370.43831212713843 
559.01949362421487 376.52797781616516 
545.4447972627944 357.81738574355535 
539.34056113067027 357.38041233292807 
566.55183802569252 388.57176277968188 
560.24794357623682 382.35306156086716 
561.50000405969593 388.19196295706234 
547.88067386408363 363.84833142993648 
550.33532875424282 369.89616258506186 
552.79799519961341 375.95924798973755 
555.27244544619714 382.03216918471492 
541.77192931913851 363.35681112975681 
535.64310963342029 362.89868986018638 
562.75757263987259 394.04684294697563 
556.46699045521189 387.8345852310967 
557.67942109668809 393.65186270988488 
544.19793469149647 369.36901325343564 
546.6093524925999 375.39646415743033 
549.03479027100377 381.44251932317951 
551.47119249506193 387.49906357457928 
538.06292803673591 368.84427807874812 
531.88920115697022 368.37871503739217 
558.91039664608309 399.48487896404561 
552.63111353207114 393.27885716537145 
553.81077637892565 399.07406344050014 
540.45330379488985 374.84435874644618 
542.8292187716238 380.85492790338736 
545.21802284042462 386.88695166846924 
547.6161207906631 392.92814078495672 
534.28867087731464 374.3011737970985 
528.07922941556194 373.81991313982491 
555.01067412041084 404.88535613480411 
548.74288258389913 398.68522457630615 
549.8905384067956 404.45824380035265 
536.65270858124131 380.2781319621879 
539.00109550196601 386.28252328261806 
541.34530515288259 392.29373850974321 
543.70761565655641 398.31888140751988 
530.44662069889739 379.72835789481769 
524.21359479525108 379.22171223683966 
551.05877321900789 410.24776472073796 
544.80222311311593 404.0531849263748 
545.91827040088344 409.80392677012213 
532.78863718564025 385.68232110888505 
535.10662936902338 391.67167604838392 
537.41899128815157 397.6686176874519 
539.74606720268002 403.67075940911246 
526.57429408690496 385.10458144650738 
520.29270906557974 384.58353695029615 
547.05506315800733 415.57160378590436 
540.80924854123862 409.38222643961603 
541.89413602974309 415.11060825468888 
528.87608205408742 391.05913979408831 
531.15861928086406 397.03741521906437 
533.4482377038878 403.01724106103615 
535.73186116129318 408.9832548010188 
522.61814282150715 390.47064293226924 
516.3169833950401 389.90482512767886 
542.99991883359246 420.85637472505016 
536.7642156014183 414.67182217702151 
537.81844830389298 420.37778072596939 
524.89758661913208 396.41721654909895 
527.17224428805866 402.38870840825115 
529.4282076177924 408.31751519532759 
531.66538259325364 414.25584828271496 
518.59971174474447 395.81028589813604 
512.28683485301349 395.18501848663419 
538.89372070193792 426.10158153663514 
532.66746723000438 419.92145639545635 
533.6915699832881 425.60494007121474 
520.86031222933104 401.74633707705823 
523.09387412989781 407.67353555461273 
525.31969323268413 413.56357064527083 
527.5470175163548 419.48801911824484 
514.50733842866771 401.09851793795588 
508.20268713330586 400.42356173243229 
534.73685464640334 431.30673108922281 
528.51937449376248 425.13061759085667 
529.51388335468471 430.79158546254553 
516.72834328359465 407.01345667854821 
518.9437806558409 412.88885749224187 
521.15531453735753 418.76857011527261 
523.37715297500483 424.67924518498171 
510.36980814005739 406.33188831165489 
504.06497039190361 405.61990289408794 
530.52971183228567 436.47133338072939 
524.3203260830644 430.29879628491403 
525.28578216503456 435.93722016699604 
512.55742790912996 412.20990217243786 
514.74244084747693 418.06245232310766 
516.94072028652386 423.93393996751928 
519.15617779473587 429.82900359129479 
506.1925694066569 411.50680017590935 
499.87412106811342 410.77349365116174 
526.27268854942884 441.59490179004086 
520.07072247724079 435.42548956216484 
521.00766990508112 441.04135365714677 
508.34508658079665 417.36863004326221 
510.50744136135063 423.20102462406777 
512.68625223219487 429.05601415533602 
514.8845033415738 434.93678825913014 
501.96528488000286 416.64971774233425 
495.63058168952551 415.8837896505496 
521.96618604302614 446.67695332051431 
515.77097881282873 440.51020566196979 
516.67995724533489 446.10350093221609 
504.0960034142812 422.48378213041417 
506.22926568723125 428.29808137963278 
508.3842014504234 434.13549014044861 
510.56256641760092 440.00211426912244 
497.69407232531631 421.73917950537736 
491.33480066124991 420.95025081257495 
517.61061033295618 451.71700883489495 
511.42151934065191 445.5524606061183 
512.30306062043974 451.12318186594598 
499.79818085350416 427.56181087068364 
501.89745833953378 433.34831478566161 
504.0297645293511 439.17293292387518 
506.19080484292994 445.02449856298051 
493.37122688822814 426.77254119083904 
486.98723203991204 425.9723416257267 
513.20637202201499 456.71459328118823 
507.02277150079072 450.55177371568226 
507.87740040717722 456.09992020313274 
495.42810821773122 432.56190617546963 
497.50752424281228 438.35821316707984 
499.62190883645843 444.17264462262852 
501.76965595709208 450.00345872533239 
488.99045550704813 431.77778093326623 
482.58833529291212 430.94953142939585 
508.75388609341962 461.66923590904742 
502.57516435343086 455.50766651659586 
503.40339967638766 461.03324281140891 
491.00299509532516 437.55092477567717 
493.05720485366101 443.34303871973901 
495.1659376332845 449.1371653530905 
497.29955658923132 454.93851295786686 
484.53981338007702 436.73331058754752 
478.13857504348016 435.88129468398887 
504.25357169798025 466.58047047624041 
498.07912793234846 460.41966232099435 
498.88148407615591 465.92267977883233 
492.78094302912302 459.82918005264543 
486.49288690846356 442.53083555980805 
488.5465629273229 448.30899892582698 
490.69512655263861 454.05816821278182 
480.00492277179666 441.69298720654336 
473.63842080207991 440.76711122781364 
499.70585193133945 471.44783544478622 
493.53509314545255 465.28728616679285 
494.31208109608497 470.7677636588881 
488.2142509990141 464.67497936459051 
486.31309313211705 458.90626431004534 
481.80346922816329 447.55574127466588 
484.06317905430774 453.22924703330909 
482.23352384785471 463.66911703343254 
475.4147979350974 446.6898325038681 
469.0883466847348 445.60646652015953 
495.11115360171237 476.27087416635237 
488.94349154328239 470.1100643944838 
489.69562192909251 475.5680317244981 
483.59991562628215 469.47543078314965 
479.89391366157543 458.0195753374004 
477.1738656812297 452.75707671925318 
477.30256287669312 462.9392086014077 
478.07740679144587 467.99924380400176 
470.77934190105975 451.75933624874278 
464.48883111887693 450.39885187000584 
490.46990698855103 481.04913505653678 
484.30475698614981 474.88752615386051 
485.03254163612769 480.32302536582415 
478.93837141691512 474.23005470313473 
472.91451575835129 458.71431883508427 
472.36171252113775 465.80263288783925 
473.27278904181605 472.34488611881011 
465.9224945349473 456.5779158218968 
459.84035653733139 455.14376464983008 
485.78254559259136 485.78217175765286 
479.61932790530301 479.61920411016558 
480.32328147413165 485.03228919024286 
474.23005470313456 478.93837141691552 
466.96771913181692 463.14448622905053 
467.65211948707929 470.17094112608987 
468.52750784579644 476.90427416819057 
461.0016316154809 461.48268254059536 
455.1434107786942 459.84070679392528 
481.04951249830333 490.46953679626688 
474.88765318035848 484.30463734736691 
475.56829102646697 489.69537356096038 
469.47543078314931 483.59991562628255 
461.96682172940541 467.99891896830218 
462.81954720990262 474.82520140155958 
463.72505782361395 481.53191848595674 
456.15029733500097 466.27325038686837 
450.39849442180531 464.48917772384209 
476.27125517973354 495.11078708660864 
470.11019414319372 488.94337713158183 
470.76802565300085 494.31183698108276 
464.67497936459017 488.21425099901467 
457.07594506004403 472.8429693872128 
457.97408045323931 479.49194236942594 
458.88862794908147 486.13722798355792 
451.32284526205376 470.96225311457732 
445.60610553233749 469.08868960176727 
471.4482199941466 499.70548912769675 
465.28741860080254 493.53498479650392 
465.92294446730892 498.88124431781466 
459.82918005264514 492.7809430291237 
452.22207837066208 477.50625008254354 
453.11604817416259 484.09207373965984 
454.01911101801085 490.69189340011332 
446.48504859627752 475.56444059786332 
440.76674673827534 473.63875999516438 
466.58085852553688 504.25321263981346 
460.41979693364163 498.07902529760219 
461.03351037254873 503.40316413471805 
454.93851295786675 497.29955658923183 
447.35951664343315 482.08043619681075 
448.23238438449829 488.62844766075432 
449.11260108603727 495.19390047182424 
441.63187866184626 480.09729413125137 
435.88092673108582 478.1389104769134 
461.66962742184063 508.75353081445911 
455.50780202429581 502.57506564611452 
456.10018992340366 507.87716799687513 
450.00345872533228 501.76965595709277 
442.4695454517186 486.58875515113715 
443.31596953497478 493.10675077230985 
444.16562491570113 499.64393142825992 
436.72455721002609 484.57104450166605 
430.9491600519101 482.58866693132461 
456.71498822065917 513.20602055568588 
450.55190895562487 507.02267456099526 
451.12345313715031 512.30283031970237 
445.02449856298051 506.19080484293039 
437.55237784696857 491.04380191997734 
438.35852293720853 497.53080620667384 
439.17503386038931 504.04126345762489 
431.78400061682413 488.98718466436804 
425.97196686285281 486.98755984829091 
451.71740716385807 517.61026271236267 
445.552594358428 511.42142191146036 
446.1037733458395 516.67972836057095 
440.0021142691225 510.56256641760137 
432.58580142983715 495.43688244721005 
433.35077683546365 501.90364224253898 
434.13814562037328 508.38834490448045 
426.78539238850158 493.36625397961029 
420.94987270390027 491.33512460495854 
446.67735500143493 521.96584230093254 
440.51033718002896 515.770879406272 
441.04162719974852 521.00744243046597 
434.93678825913014 514.88450334157437 
427.54785999368664 499.78955794783974 
428.29668172539635 506.22794849056476 
429.05822944754595 512.68536250305374 
421.7314347610378 497.6879860314192 
415.88340823603613 495.63090173432334 
441.59530678505075 526.27234871824385 
435.42561835066527 520.07062028775499 
435.93749484035203 525.28555660023437 
429.82900359129462 519.15617779473644 
422.47932429679821 504.09274034224114 
423.20358452582497 510.50093042987675 
423.93836130264452 516.93190912194007 
416.64754040989169 501.96341258676915 
410.77310897112443 499.87443718017499 
436.47174165164563 530.52937594404614 
430.29892321867447 524.32022308785383 
430.79186060895154 529.51366109877358 
424.6792451849816 523.37715297500529 
417.37229180249324 508.33919182898063 
418.07661858007185 514.72843029247986 
418.77971444281633 521.1316187634751 
411.52043051829082 506.18227537534176 
405.61951498917313 504.0652825378354 
431.30714259756462 534.73652273276036 
425.13074224385036 528.51927551154006 
425.6052123142058 533.69135726633328 
419.48801911824455 527.54701751635503 
412.22993701122942 512.53429026515266 
412.91317144745767 518.91281024805937 
413.58172557591723 525.28693731496594 
406.33849875618279 510.35745375292328 
400.42317064359577 508.20299528016329 
426.10199624364412 538.89339279414207 
419.92157083323553 532.66738620911929 
420.37802945148252 537.81827815830627 
414.25584828271496 531.66538259325375 
407.03127872003995 516.69143176322905 
407.69882479718274 523.06464239647096 
408.35173143119908 529.39591389203258 
401.1045408767929 514.48557359173367 
395.18462425511689 512.28713896831528 
420.856792591709 542.99959496248152 
414.67188989431878 536.76420714383846 
415.11076159371117 541.8941082146265 
408.9832548010184 535.73186116129341 
401.76971561000039 520.80545070718495 
402.39788661096821 527.11263775019245 
403.03017536553313 533.41974530861069 
395.8163566197606 518.56285091272593 
389.90442779498352 516.31728344678379 
415.57202477295863 547.0547433539931 
409.38212094550158 540.8094795844878 
409.80373970924126 545.91869522190143 
403.67075940911241 539.7460672026798 
396.45439597679064 524.86202081150316 
397.06830875747266 531.12327949064502 
397.68556553573779 537.40343634218664 
390.4875541566829 522.58193179341652 
384.58313655816187 520.29300502225294 
410.24818878871463 551.05845751206778 
404.05249429767292 544.80319869268237 
404.45688151563814 549.89243098079294 
398.3188814075196 543.70761565655641 
391.0886861351263 528.8410695274589 
391.69190644872378 535.07668239169436 
392.30569081704567 541.33415657099567 
385.12402547969197 526.54229733878242 
379.22130882721666 524.21388662584354 
404.88578324403505 555.01036254007374 
398.68271041733669 548.74604577524735 
399.0683874899828 553.81796768294214 
392.92814078495644 547.61612079066288 
385.70443486469946 532.77073472334359 
386.29261503926205 538.97714075846318 
386.89056954915895 545.2099770098107 
379.7300979357907 530.44555075853054 
373.819506755313 528.07951708924895 
399.48530907468836 558.91008922142453 
393.27156398032321 552.6398390260847 
393.62807670787532 557.70903855403026 
387.49906357457877 551.47119249506159 
380.29638048813558 536.64249871569996 
380.86104877546899 542.82267881790006 
381.4391774430797 549.03153454704704 
374.30878424883849 534.28699966275553 
368.37830572113336 531.88948464321709 
394.04727601788608 562.75726940030177 
387.82305305059248 556.47919482574252 
388.16692654142861 561.51918878892889 
382.03216918471441 555.27244544619691 
374.85357682404657 540.46272814629674 
375.38844093485432 546.60861200087447 
375.94771721692911 552.79861472400296 
368.85199329852992 538.05600750698522 
362.89827765505436 535.64338890253737 
388.57219877039751 566.55153899953223 
382.3405404845825 560.26368245083245 
382.689821366697 565.27197352444171 
376.52797781616493 559.01949362421453 
369.35247818506178 544.19120971684458 
369.87030632239856 550.34141397092401 
370.41528327201917 556.51533857602021 
363.34287654906217 541.78237415477963 
357.37999728220501 539.34083615332793 
383.06058884164827 570.29254359169875 
376.83138883382702 563.99825544239388 
377.15816553645885 568.98503992604731 
370.9870129169467 562.71195186819523 
363.8076751814794 547.89612252120708 
364.30386920182747 554.03460203591169 
364.84663621472191 560.18471571736075 
357.78261474025476 545.44994452691446 
351.82404465170123 542.98143762463701 
377.51296233949535 573.97993280746198 
371.26361191477173 567.68506591346409 
371.59004549520444 572.6809547588789 
365.4098188526811 566.34946348420783 
358.19167909799631 551.5746506780639 
358.68897348518016 557.69410378158068 
359.27198394241674 563.80225116348151 
352.1449798070218 549.09577455896454 
346.23100487565318 546.56480975525255 
371.92983978532868 577.61336054255173 
365.59291839298402 571.35648223732665 
366.0560212220289 576.397137074189 
359.79695420986894 569.93169291922948 
352.42023073297395 555.27654668462162 
353.7964663205608 567.36464333107449 
353.09305457148798 561.28888774743575 
346.41937454562259 552.72680107316705 
340.60146785541724 550.0905744463679 
366.31174590208747 581.19248516663095 
360.32106749861634 579.86006490652994 
359.44105866334888 575.09457927399046 
354.14897767678247 573.45830528783722 
348.62940783993122 570.93610792926904 
346.51849416140186 558.99963942744239 
347.84001083849643 564.81062881440778 
344.03054910131084 568.99158364539835 
340.59998256973779 556.33295513403743 
334.9360279957192 553.55835929958698 
356.03527563695121 583.36642960566974 
360.65920939282444 584.7169697213709 
353.79756707217354 579.50198175608693 
348.46644772203052 576.92896589492341 
343.49399538040649 574.06252060197312 
340.88681633183649 563.74626351192921 
338.53180283885246 570.47565200022188 
334.70909533239416 560.06141996800682 
329.23528390729842 556.96779783976797 
351.03106516075491 585.4050052446853 
354.9727627102601 588.1864821073716 
347.15250545389915 582.44525245435159 
342.74992258668163 580.34334022388214 
337.74713970299592 577.06322183784573 
333.97777948066204 566.55196559398928 
332.85165592877286 573.5555620451878 
328.67537554873104 563.47641489848991 
323.49983809873817 560.31852972223771 
345.33407858465762 588.89552775307197 
349.25294181780049 591.60069525957454 
341.20264738944945 586.20362015841931 
336.99996027676855 583.70109392460211 
332.00001482440274 580.2870491212758 
327.85155167484072 570.10603123239571 
327.00348915614433 576.84579784420259 
322.77870479845313 566.85274503454173 
317.73029665816961 563.61020092392891 
339.45281607217129 592.22961136468609 
343.50028594248954 594.95928731084439 
335.35142473386077 589.5388298912676 
331.21711855616059 587.00189280127529 
326.18686696129811 583.54535728572068 
321.97564725662113 573.46126267071793 
321.15677620543141 580.11004397328566 
316.93963359510735 570.14052631614561 
311.92726892555083 566.84246391801582 
333.63887654550786 595.53054186080828 
337.71533732038768 598.26194174339446 
329.55770229713374 592.86490168811883 
325.40195493981486 590.24540280001293 
320.34753777722909 586.76580623796281 
316.12372810974972 576.71243162373651 
315.30232086846627 583.31359877014268 
311.10098475890317 573.35395438192404 
306.09136715623492 570.01497783165905 
327.81752393253493 598.77715668038024 
331.89864093487819 601.50834752776336 
323.68043118244054 596.08081247953601 
319.55502668739422 593.43128999627868 
314.4848144592633 589.9295863997703 
310.26713914724229 579.89190565306205 
309.42986213203591 586.45384416912214 
305.25286368052542 576.50735931040469 
300.22320617656749 573.12740858648715 
321.92228819281507 601.947254829352 
326.05074424841121 604.69819924906096 
317.79044347240819 599.23461767477204 
313.67689240321664 596.5592236359679 
308.59562633867301 593.0339792532875 
304.39188588800653 583.00468309332882 
303.5338255107099 589.53214880378027 
299.37539112292677 579.58334412210934 
294.32340303225118 576.17942902147684 
316.02241585098301 605.06063730484618 
320.17219692820584 607.83119722022013 
311.88560103177798 602.32704045195533 
307.76812729630376 599.62890624231909 
302.6788064964224 596.0790369949508 
298.49069881173676 586.05414652798061 
297.61233581468565 592.55032301242795 
293.46191016675158 582.60081774052605 
288.39257663024659 579.17071899791972 
310.10058821865908 608.11563725082203 
314.26355056644377 610.90704758201321 
305.95526711335191 605.36039657111098 
301.82931867588536 602.64005958848736 
296.73463247739124 599.06469288233893 
292.56780764684135 589.04930944423575 
291.66733295740585 595.51025016526921 
287.52040722407088 585.56104401173184 
282.43134950641951 582.1009644520293 
304.15170486950109 611.11232042590871 
308.32535839549098 613.92546238960631 
299.99676771205424 608.33495255481944 
295.8610596755164 605.59240295114864 
290.76336369930272 601.99023639924565 
286.62515474477163 591.98610307734089 
285.69119385677129 598.40674816186822 
281.56574352073073 588.45741952729338 
276.44035631540913 584.96985341144682 
298.1746198654327 614.05063315690666 
302.35817513151238 616.88615962034805 
294.00977087111551 611.25066702792435 
289.86393447670469 608.48566013642915 
284.76416803192717 604.85485382883883 
280.62884865258394 594.84386121407761 
279.6922064651792 601.25029617868302 
275.55088910382221 591.29648985029996 
270.42022606304573 587.77708473196822 
292.16940326267246 616.93042408228337 
296.36256606342369 619.78885875457843 
287.99461082269198 614.10739519538049 
283.8385276627634 611.31955459076653 
278.73487527141981 607.66025095667987 
274.60919041011141 597.65273303304559 
273.65635482200224 604.03139740745326 
269.51583205322851 594.07725069251546 
264.37159053361268 590.52236377526606 
286.13648001190927 619.75149279499738 
290.33909605361617 622.63328637551092 
281.95180154353602 616.90497945564437 
277.78542490859343 614.0938091169661 
272.67320139281884 610.40629431313107 
268.55685415040097 600.40175862525268 
267.57740890985781 606.74549648385948 
263.44911178964367 596.79678221230165 
258.29508587619961 593.20540170518234 
280.07637287076273 622.51360814840052 
284.2883283026656 625.41917654551958 
275.88188757476757 619.64318984357544 
271.7052130104837 616.80814592902505 
266.57989221725347 613.09529033108413 
262.47224156263059 603.10008478064265 
261.46393200513893 609.41801308629647 
257.3516111564843 599.46701849409067 
252.19135230101608 595.82591570406271 
273.98963139217045 625.21651182041217 
278.21082982365726 628.14626813253608 
269.78541123749227 622.32175297612696 
265.59847991429052 619.46228670782466 
260.46111153471423 615.7309428574149 
256.35133082217567 605.76052063382815 
255.33053124675362 612.03906858656433 
251.20262609977488 602.08155981898199 
246.06103376561097 598.38362917295683 
267.87681701225512 627.85993269320841 
272.10717120434401 630.81430498932878 
263.66294221897789 624.94039276279716 
259.46581474198098 622.05595265769284 
254.32801908286751 618.3150457750271 
250.18155521282048 608.34092634133015 
249.16393796726007 614.56323166389461 
245.02956508627051 604.59989724779211 
239.90477765170368 600.87827191527447 
261.73850198319138 630.44359970760627 
265.97792636140747 633.42303612079468 
257.51505145326229 627.49878979575897 
253.30780951039938 624.58886873113408 
248.1406678517175 620.79826446907123 
243.99431156156606 610.81823563042371 
242.96387713995202 617.01591704608961 
238.83760676619684 607.07075885104257 
233.72323443335156 603.30958030352247 
255.57526625593923 632.96725017500614 
259.82367228731852 635.97221583897203 
251.34233060936864 629.99668738203889 
247.12507165061024 627.06079600511384 
241.93859920396906 623.23109693134586 
237.79322184151314 613.25189953639199 
236.74875667091388 619.4134087988283 
232.62632940650658 609.47330944713076 
227.5170573371901 605.67729742877589 
249.3876974829617 635.43064051302588 
253.64498879030182 638.46160390548744 
245.14537949030338 632.43385007281699 
240.91821540405883 629.47151466785908 
235.71536360569317 625.60352714837938 
231.56389676869293 615.62089030206812 
230.51505137958998 621.75062373385219 
226.39637041130362 611.81123705034179 
221.2869019954957 607.98117323255644 
243.17638806383556 637.83353898001837 
247.44245822792561 640.89096566118121 
238.92480176779739 634.81005272658388 
234.68785391963297 631.82080558760151 
229.47180833321309 627.91329628930737 
225.32567078812392 617.92585460138946 
224.26185744073871 624.02391643983526 
220.15378726942802 614.07891364069337 
215.03342609284076 610.22096462082879 
236.94193316777228 640.17571947688987 
241.21666523484197 643.26007214266156 
232.68120333207571 637.12507262249767 
228.43459916767171 634.10845010020012 
223.20635546368794 630.16051623992291 
219.06422634772565 620.15268060370136 
217.98313774450278 626.2341930669877 
213.88244877413706 616.28144524205322 
208.7572890071097 612.39643555984389 
230.68493720815204 642.45695316247054 
234.96819644521514 645.56870018556708 
226.41519670221223 639.37868358895719 
222.1590619195145 636.33422995014189 
216.91634379582874 632.34595799557758 
212.7694252266258 622.33701024436209 
211.67526476578192 628.38064125498659 
207.58582215094836 618.41730580145247 
202.45915144566803 614.50735715359838 
224.40599861385431 644.67702704034457 
228.6976402103835 647.81663251432644 
220.12739199463763 641.5706679811168 
215.86185172881366 638.49792723100381 
210.60018242479839 634.47183531184407 
206.44584241497284 624.42823864011632 
205.33277766195064 630.46863291184161 
201.25254002026318 620.48831869700825 
196.13967507747634 616.55350770269899 
218.10571443051427 646.83573347715367 
222.40558631230593 650.00365781823052 
213.8183945338094 643.70081628631976 
209.54357691460632 640.5993243253771 
204.26216339975235 636.54303917997993 
200.0592246642673 626.47752293104691 
198.95200635821888 632.5115283657226 
194.854592368402 622.51117887513863 
189.79952217879784 618.53467273928948 
211.78467913857216 648.93286857777036 
216.09262567335526 652.12957081364971 
207.48880452708522 645.76892385614553 
203.20484957663106 642.6382022535538 
197.93593408157668 638.57077597973546 
193.49477993852125 628.4713433061587 
192.62715840324506 634.53785588557275 
188.38181233108605 624.5417078746284 
183.43936395183806 620.45064247927496 
205.44348659418119 650.96823253175796 
209.75935006302285 654.19417229224689 
201.13922015073612 647.77478835460136 
196.84628714831405 644.61434040665995 
191.69692941282651 640.60533349074262 
186.64423901849284 636.65797663213857 
186.88635036065511 630.69674238504228 
181.81628006406703 626.58565574277088 
177.05987275649477 622.30121441264578 
199.08273520020111 652.94162844886705 
203.40635180210703 656.19726915505942 
194.77024055753375 649.71821035634139 
190.46850093071819 646.52752612456129 
185.64310307772291 642.75685969124652 
181.74981688380313 639.658293033159 
180.17155934588354 633.73061327623418 
175.17371305992188 628.55150295925125 
170.66171768975923 624.08619445969248 
192.70303161863191 654.85286369022492 
197.03423923735954 658.13866971038476 
188.38247004236391 651.59900066196963 
184.07211535328241 648.37758477332761 
179.88878619521157 644.35685713500015 
176.09077184461603 639.43498383838073 
172.83974418962862 634.529138342897 
168.46264966441723 630.19080535776891 
164.24557131550836 625.80539491382012 
186.30498289920152 656.70175572242965 
190.64363697897673 660.01818435511916 
181.97652077657767 653.41698337637933 
177.65776037088906 650.16435822244034 
173.65506594508872 645.67564081556827 
169.82431162646844 640.95159674146669 
165.9577626763012 636.3724722084977 
161.86827661096459 631.9035649610048 
157.81210933246888 627.45863461110878 
179.88919345006877 658.48813174910754 
184.23513095984222 661.83564162124856 
175.55301200065082 655.17198656930907 
171.22606623224993 651.88768830859397 
167.27184650564689 647.26283558005241 
163.34616319022382 642.62918676536231 
159.37373058297146 638.05648640917718 
155.35987697007423 633.5362579268367 
151.36201023458543 629.04573908241764 
173.45627073939568 660.21182607563765 
177.80930987196888 663.59087495448136 
169.11257117679915 656.86383815167244 
164.77766346432534 653.54741678255527 
160.81149275979064 648.88150713099367 
156.84511388695864 644.24579475368967 
152.86519016330624 639.65164183967249 
148.88287551607627 635.09761160172138 
144.89595496455229 630.56654068774571 
167.00682514203149 661.87267992425029 
171.36676673822103 665.28372237541498 
162.65581678506641 658.49240521695015 
158.31318287667312 655.1433853228317 
154.33035777243336 650.45242261380156 
150.35271181324899 645.79653200709697 
146.37887308646177 641.17583000069442 
142.41769158034862 636.58964366954729 
138.4146265612741 632.0208787325804 
160.54146878645668 663.4705447576265 
164.90809868170984 666.91402668498688 
156.18337944049526 660.05753282813885 
151.83325556539739 656.67543554947599 
147.84131641956421 651.96153455738875 
143.86283525818948 647.28260982036898 
139.89428909178756 642.63484846823258 
135.93629491372741 638.01229417732304 
131.9187098020403 633.40859956600286 
154.06081746371615 665.00530453937574 
158.43390668676363 668.48163565798109 
149.69588520131276 661.55912529953901 
145.33851291669245 658.14340903802656 
141.34328051158641 653.40645900109905 
137.36548764445806 648.70444224194989 
133.4056672530169 644.04099428096049 
129.41932465180403 639.37044434043605 
125.40889084019885 634.72955666033954 
147.56549185494188 666.4769186792189 
151.94479535196228 669.98640222429162 
143.19396647737844 662.9972107743281 
138.82958660998264 659.54714733358446 
134.83256033723254 654.7872267195379 
130.85457318850618 650.05594691095746 
126.8861448059663 645.34800295119214 
122.91993253583354 640.66168442933645 
118.88585683913441 635.98361067218138 
141.05612874417139 667.88555910736943 
145.44137263573731 671.42818463766662 
136.67827316890441 664.37215484956789 
132.30710862065334 660.88649196502854 
128.30902865205709 656.10178672795257 
124.33523367823223 651.34091792504773 
120.38213752840474 646.61802982041411 
116.39125958453045 641.8810651658514 
112.35029560335035 637.17062948463001 
134.53342611902698 669.23219616920255 
138.92424959504706 672.80684663167108 
130.1494750496972 665.68522523982222 
125.77171256974933 662.16129154393582 
121.77677544386516 657.34881298392713 
117.80498282127519 652.55826271177114 
113.83752128353522 647.79211685341716 
109.85571372440809 643.03689039962626 
105.80289520747446 638.29048823064591 
127.99839003869289 670.52113362416264 
132.39404011764887 674.12225756262228 
123.60796717788304 666.93865602460301 
119.22403954203467 663.37143618746893 
115.23380610621514 658.53008549672825 
111.26442288739867 653.71961319109175 
107.30312915119875 648.91858431273488 
103.28397322090412 644.12273788447112 
99.244343624002411 639.34306929741649 
121.4492977623683 671.73810539103647 
125.85136064849871 675.37429253927155 
117.05008711851761 668.12663594189462 
112.66473153361544 664.51683135001258 
108.67767357029631 659.64757522799516 
104.70489896289416 654.81132554196131 
100.74262320727995 649.99215821646965 
96.755134411061121 645.15523684993423 
92.675328542770245 640.32826228387705 
114.89115167980043 672.90508167726159 
119.29682991081712 676.56283253902552 
110.48775818109475 669.24205410592833 
106.09442830382764 665.59738281741011 
102.10375362782686 660.71021297076675 
98.12969044648284 655.86800271488255 
94.140414140168886 650.9814072555007 
90.132768990355032 646.11111914764808 
86.096546040775721 641.24596276300133 
108.31645147389186 673.9960839742788 
112.73106862236948 677.68776451051451 
103.91039614291115 670.31003844253667 
99.513773127206647 666.61299571428276 
95.523574350662315 661.70362034520065 
91.534443394514298 656.80108225236938 
87.540547582061095 651.91563361231761 
83.511468394550462 646.99664578477132 
79.508689925374426 642.09607398453284 
101.73715684725518 675.02115970691273 
106.15469920751522 678.74898146233852 
97.333715021155641 671.29853502279082 
92.923411633468319 667.56357484378077 
88.933445180694846 662.62716870337852 
84.934640551536901 657.7041350152964 
80.912194060811174 652.7708916781944 
76.88634193046542 647.81517125789958 
72.912451772941921 642.87850669971726 
95.14932667364684 675.96699497567408 
99.568345505589221 679.74638253784019 
90.73494720617532 672.19829118028849 
86.32398287003025 668.44902596016993 
82.324062797122394 663.47121313833952 
78.311736538211235 658.50727570800291 
66.308525472211784 643.59317852949698 
74.278286535800291 653.5377825165333 
70.263594290263143 648.56472679580497 
88.549030154739569 676.85751826099806 
92.97263247618244 680.67987307577175 
84.129744603949504 673.05335092973428 
79.716127428220474 669.26925447015333 
75.704108976242921 664.24919797557357 
71.681413281760371 659.23933896711958 
59.697606868489252 644.24001407408355 
63.648626093614666 649.24952187967142 
67.654887274665668 654.24833426203634 
81.939344066585036 677.6972347477722 
86.368185901898229 681.54936465674677 
77.514748619959875 673.84832609816146 
73.10048752726189 670.02416550188741 
69.081452356199136 664.96390635610089 
65.059331770177565 659.91696884736689 
53.080393403324919 644.8189450040594 
57.037003234236607 649.86521024857643 
61.042573361021226 654.89877435852122 
75.308662059454747 678.46877265091473 
79.755632089160017 682.35477513538251 
70.893822946067061 674.57669968241339 
66.477707026950455 670.71366398544524 
62.456618456756011 665.6135462574448 
46.45758375044722 645.32991013284834 
58.437116809255464 660.53234848095565 
50.424253444738994 650.40067562384752 
54.423379649418358 655.48065329758072 
68.694482202973262 679.16403452972338 
73.1355975676572 683.09602865806619 
39.829877448752448 645.77285547041811 
64.266721975748951 675.24102253197805 
59.848432186835069 671.33766308453232 
55.828152254324692 666.19886134394676 
43.792383915893168 650.88329343299404 
51.810157394858827 661.07983343478975 
47.798007136521136 655.9780341368147 
62.054116110157324 679.8081966900163 
66.508708789012829 683.77305566629207 
33.197974533160831 646.14773425811495 
37.163555053190962 651.28918962967168 
57.631662851345546 675.84569310869904 
53.213313788648641 671.89611628687226 
49.194435068374474 666.71970677260663 
41.162732064217096 656.44089786039058 
45.177890896533732 661.56473375246128 
55.423626560577638 680.39332154652141 
59.875591825264372 684.38579288554365 
26.562575164155081 646.45450698455863 
30.529307594021478 651.64252840453207 
34.53470923646146 656.81597616825388 
50.983677610808478 676.39765424048437 
46.573003177786752 672.38898936848523 
42.556777992699189 667.17734092380499 
38.544344512435977 661.9899393505267 
48.784885125717977 680.8907625861342 
53.236872067747086 684.93418329971098 
23.902503758399831 651.93150169353032 
19.924379256818224 646.69314138254981 
27.893829609864916 657.16978768534545 
31.914486585038333 662.36351407905693 
44.345440342604753 676.8493146620076 
39.92815094076304 672.81624823426114 
35.918996057740657 667.57528680826942 
42.12715633446193 681.34620370335051 
46.593173926973293 685.41817611105898 
21.293810315507343 657.47872146397469 
17.211120610031966 652.15032424022138 
13.28408611019097 646.86361240698727 
6.6423940377745412 646.96590219380721 
25.305435490416585 662.70768308101674 
29.289513896165349 667.92171385099005 
37.675768866090387 677.2560298393297 
33.279406901804393 673.17785887780792 
35.456661917743901 681.72833578180121 
39.945120534099388 685.83772668577819 
18.77879667299565 663.07207930734489 
14.897666470237128 657.81864858413792 
10.183768425785532 652.61961945048768 
4.3605676576952996 651.44142373178897 
3.9617323952416877e-14 647 
22.690954686421026 668.23096393503602 
26.62742012079072 673.47378734376935 
30.940549081431595 677.58907758588055 
28.808624331330201 682.11626542673048 
33.293333444572781 686.19279648517772 
16.149025479938409 668.54754081646536 
12.335887595453388 663.64891796343852 
9.6902333263205325 659.04404566449989 
4.9766758249163443 656.87159701464998 
4.0030642247129105e-14 653.75 
19.972838892312275 673.70399969013295 
23.795412350829952 677.78218824584462 
22.009552464153586 682.42637863028131 
26.638432344549312 686.48335298259417 
13.316310745839193 673.86846195053454 
9.81576085083476 668.82477188176836 
5.5616116823233126 663.68157225124719 
4.0443960541841339e-14 660.5 
16.523437042166361 678.60612832319191 
16.425757211094488 683.20454226172421 
19.981034760669889 686.70936956611638 
10.439440018590288 677.50057698656201 
6.6584824470034398 673.96714009655329 
4.4222057108200126 669.5347065674124 
4.0857278836553567e-14 667.25 
10.514310513356323 682.07755954680454 
13.32175577378201 686.87082542724431 
5.3536373298171878 678.72890003091629 
4.1270597131265795e-14 673.99999999999989 
4.5231973155887104 683.03710655379882 
6.6612077371883247 686.96770543562104 
4.1668607340988678e-14 680.49999999999977 
4.206661755071158e-14 687 
2531 
1 0 4 
0 2 4 
3 1 5 
1 4 5 
2 6 4 
2 7 6 
8 3 9 
3 10 9 
10 3 5 
11 10 5 
11 5 4 
11 4 6 
6 7 12 
6 12 11 
7 13 12 
16 8 17 
17 8 9 
10 18 9 
17 9 18 
10 19 18 
19 10 11 
20 19 11 
20 11 12 
12 13 21 
21 20 12 
13 22 21 
14 15 23 
24 14 23 
15 16 25 
23 15 25 
25 16 17 
25 17 26 
26 17 18 
18 27 26 
18 19 28 
18 28 27 
19 29 28 
29 19 20 
30 29 20 
30 20 21 
21 22 31 
21 31 30 
22 32 31 
33 24 23 
33 23 25 
34 24 33 
35 33 25 
25 26 35 
26 27 35 
27 28 36 
27 36 35 
28 29 37 
28 37 36 
29 38 37 
38 29 30 
39 38 30 
31 39 30 
31 32 40 
31 40 39 
32 41 40 
42 34 33 
42 33 35 
43 34 42 
42 35 44 
44 35 36 
36 37 45 
44 36 45 
37 38 46 
37 46 45 
38 47 46 
47 38 39 
48 47 39 
48 39 40 
40 41 49 
40 49 48 
41 50 49 
51 43 42 
51 42 44 
52 43 51 
53 51 44 
53 44 45 
45 46 54 
45 54 53 
46 47 55 
46 55 54 
47 56 55 
56 47 48 
57 56 48 
49 57 48 
49 50 58 
49 58 57 
50 59 58 
60 52 51 
60 51 53 
61 52 60 
62 60 53 
62 53 54 
54 55 63 
54 63 62 
55 56 64 
55 64 63 
56 65 64 
65 56 57 
66 65 57 
66 57 58 
58 59 67 
58 67 66 
59 68 67 
69 61 60 
69 60 62 
70 61 69 
71 69 62 
71 62 63 
63 64 72 
71 63 72 
64 65 73 
64 73 72 
65 74 73 
74 65 66 
75 74 66 
67 75 66 
67 68 76 
67 76 75 
68 77 76 
78 70 69 
78 69 71 
79 70 78 
80 78 71 
80 71 72 
72 73 81 
72 81 80 
73 74 82 
73 82 81 
74 83 82 
83 74 75 
84 83 75 
84 75 76 
76 77 85 
76 85 84 
77 86 85 
87 79 78 
87 78 80 
88 79 87 
89 87 80 
89 80 81 
81 82 90 
89 81 90 
82 83 91 
82 91 90 
83 92 91 
92 83 84 
93 92 84 
85 93 84 
85 86 94 
85 94 93 
86 95 94 
96 88 87 
96 87 89 
97 88 96 
98 96 89 
98 89 90 
90 91 99 
90 99 98 
91 92 100 
91 100 99 
92 101 100 
101 92 93 
102 101 93 
102 93 94 
94 95 103 
94 103 102 
95 104 103 
105 97 96 
105 96 98 
106 97 105 
107 105 98 
107 98 99 
99 100 108 
107 99 108 
100 101 109 
100 109 108 
101 110 109 
110 101 102 
111 110 102 
103 111 102 
103 104 112 
103 112 111 
104 113 112 
114 106 105 
114 105 107 
115 106 114 
116 114 107 
116 107 108 
108 109 117 
108 117 116 
109 110 118 
109 118 117 
110 119 118 
119 110 111 
120 119 111 
120 111 112 
112 113 121 
112 121 120 
113 122 121 
123 115 114 
123 114 116 
124 115 123 
125 123 116 
125 116 117 
117 118 126 
125 117 126 
118 119 127 
118 127 126 
119 128 127 
128 119 120 
129 128 120 
121 129 120 
121 122 130 
121 130 129 
122 131 130 
132 124 123 
132 123 125 
133 124 132 
134 132 125 
134 125 126 
126 127 135 
126 135 134 
127 128 136 
127 136 135 
128 137 136 
137 128 129 
138 137 129 
138 129 130 
130 131 139 
130 139 138 
131 140 139 
141 133 132 
141 132 134 
142 133 141 
143 141 134 
143 134 135 
135 136 144 
143 135 144 
136 137 145 
136 145 144 
137 146 145 
146 137 138 
147 146 138 
139 147 138 
139 140 148 
139 148 147 
140 149 148 
150 142 141 
150 141 143 
151 142 150 
152 150 143 
152 143 144 
144 145 153 
144 153 152 
145 146 154 
145 154 153 
146 155 154 
155 146 147 
156 155 147 
156 147 148 
148 149 157 
148 157 156 
149 158 157 
159 151 150 
159 150 152 
160 151 159 
161 159 152 
161 152 153 
153 154 162 
161 153 162 
154 155 163 
154 163 162 
155 164 163 
164 155 156 
165 164 156 
157 165 156 
157 158 166 
157 166 165 
158 167 166 
168 160 159 
168 159 161 
169 160 168 
170 168 161 
170 161 162 
162 163 172 
162 172 170 
163 164 173 
163 173 172 
164 174 173 
174 164 165 
175 174 165 
175 165 166 
167 171 176 
166 167 176 
166 176 175 
177 169 168 
177 168 170 
178 169 177 
180 177 170 
180 170 172 
171 179 181 
176 171 181 
172 173 182 
180 172 182 
173 174 183 
173 183 182 
174 184 183 
184 174 175 
185 184 175 
176 181 185 
176 185 175 
187 178 177 
187 177 180 
188 178 187 
179 186 189 
181 179 189 
190 187 180 
190 180 182 
191 185 181 
181 189 191 
182 183 192 
182 192 190 
183 184 193 
183 193 192 
184 194 193 
194 184 185 
191 194 185 
189 186 195 
186 196 195 
197 188 187 
197 187 190 
198 188 197 
189 195 199 
189 199 191 
200 197 190 
200 190 192 
201 194 191 
199 201 191 
192 193 202 
200 192 202 
194 201 203 
193 194 203 
193 203 202 
204 199 195 
195 196 205 
195 205 204 
196 206 205 
207 198 197 
207 197 200 
208 198 207 
209 201 199 
204 209 199 
210 207 200 
210 200 202 
201 209 211 
203 201 211 
203 211 212 
202 203 212 
202 212 210 
213 209 204 
214 213 204 
205 214 204 
205 206 215 
205 215 214 
206 216 215 
217 208 207 
217 207 210 
218 208 217 
209 213 219 
211 209 219 
220 217 210 
220 210 212 
211 219 221 
212 211 221 
220 212 221 
219 213 222 
213 223 222 
223 213 214 
224 223 214 
224 214 215 
215 216 225 
215 225 224 
216 226 225 
227 218 217 
227 217 220 
228 218 227 
219 222 229 
221 219 229 
230 227 220 
221 229 230 
230 220 221 
229 222 231 
222 223 232 
222 232 231 
223 233 232 
233 223 224 
234 233 224 
225 234 224 
225 226 235 
225 235 234 
226 236 235 
237 228 227 
237 227 230 
238 228 237 
239 237 230 
239 230 229 
239 229 231 
231 232 240 
231 240 239 
232 233 241 
232 241 240 
233 242 241 
242 233 234 
243 242 234 
243 234 235 
235 236 244 
235 244 243 
236 245 244 
246 238 237 
246 237 239 
247 238 246 
248 246 239 
248 239 240 
240 241 249 
248 240 249 
241 242 250 
241 250 249 
242 251 250 
251 242 243 
252 251 243 
244 252 243 
244 245 253 
244 253 252 
245 254 253 
255 247 246 
255 246 248 
256 247 255 
257 255 248 
257 248 249 
249 250 258 
249 258 257 
250 251 259 
250 259 258 
251 260 259 
260 251 252 
261 260 252 
261 252 253 
253 254 262 
253 262 261 
254 263 262 
264 256 255 
264 255 257 
265 256 264 
266 264 257 
266 257 258 
258 259 267 
266 258 267 
259 260 268 
259 268 267 
260 269 268 
269 260 261 
270 269 261 
262 270 261 
262 263 271 
262 271 270 
263 272 271 
273 265 264 
273 264 266 
274 265 273 
275 273 266 
275 266 267 
267 268 276 
267 276 275 
268 269 277 
268 277 276 
269 278 277 
278 269 270 
279 278 270 
279 270 271 
271 272 280 
271 280 279 
272 281 280 
282 274 273 
282 273 275 
283 274 282 
284 282 275 
284 275 276 
276 277 285 
284 276 285 
277 278 286 
277 286 285 
278 287 286 
287 278 279 
288 287 279 
280 288 279 
280 281 289 
280 289 288 
281 290 289 
291 283 282 
291 282 284 
292 283 291 
293 291 284 
293 284 285 
285 286 294 
285 294 293 
286 287 295 
286 295 294 
287 296 295 
296 287 288 
297 296 288 
297 288 289 
289 290 298 
289 298 297 
290 299 298 
300 292 291 
300 291 293 
301 292 300 
302 300 293 
302 293 294 
294 295 303 
302 294 303 
295 296 304 
295 304 303 
296 305 304 
305 296 297 
306 305 297 
298 306 297 
298 299 307 
298 307 306 
299 308 307 
309 301 300 
309 300 302 
310 301 309 
311 309 302 
311 302 303 
303 304 312 
303 312 311 
304 305 313 
304 313 312 
305 314 313 
314 305 306 
315 314 306 
315 306 307 
307 308 316 
307 316 315 
308 317 316 
318 310 309 
318 309 311 
319 310 318 
320 318 311 
320 311 312 
312 313 321 
320 312 321 
313 314 322 
313 322 321 
314 323 322 
323 314 315 
324 323 315 
316 324 315 
316 317 325 
316 325 324 
317 326 325 
327 319 318 
327 318 320 
328 319 327 
329 327 320 
329 320 321 
321 322 330 
321 330 329 
322 323 331 
322 331 330 
323 332 331 
332 323 324 
333 332 324 
333 324 325 
325 326 334 
325 334 333 
326 335 334 
336 328 327 
336 327 329 
337 328 336 
338 336 329 
338 329 330 
330 331 339 
338 330 339 
331 332 340 
331 340 339 
332 341 340 
341 332 333 
342 341 333 
334 342 333 
334 335 343 
334 343 342 
335 344 343 
345 337 336 
345 336 338 
346 337 345 
347 345 338 
347 338 339 
339 340 348 
339 348 347 
340 341 349 
340 349 348 
341 350 349 
350 341 342 
351 350 342 
351 342 343 
343 344 352 
343 352 351 
344 353 352 
354 346 345 
354 345 347 
355 346 354 
356 354 347 
356 347 348 
348 349 357 
356 348 357 
349 350 358 
349 358 357 
350 359 358 
359 350 351 
360 359 351 
352 360 351 
352 353 361 
352 361 360 
353 362 361 
363 355 354 
363 354 356 
364 355 363 
365 363 356 
365 356 357 
357 358 366 
357 366 365 
358 359 367 
358 367 366 
359 368 367 
368 359 360 
369 368 360 
369 360 361 
361 362 370 
361 370 369 
362 371 370 
372 364 363 
372 363 365 
373 364 372 
374 372 365 
374 365 366 
366 367 375 
374 366 375 
367 368 376 
367 376 375 
368 377 376 
377 368 369 
378 377 369 
370 378 369 
370 371 379 
370 379 378 
371 380 379 
381 373 372 
381 372 374 
382 373 381 
383 381 374 
383 374 375 
375 376 384 
375 384 383 
376 377 385 
376 385 384 
377 387 385 
387 377 378 
388 387 378 
388 378 379 
380 386 389 
379 380 389 
379 389 388 
390 382 381 
390 381 383 
391 382 390 
392 390 383 
392 383 384 
384 385 393 
392 384 393 
385 387 394 
385 394 393 
386 395 396 
389 386 396 
387 397 394 
397 387 388 
398 397 388 
389 396 398 
389 398 388 
399 391 390 
399 390 392 
400 391 399 
401 399 392 
401 392 393 
393 394 402 
393 402 401 
394 397 403 
394 403 402 
395 404 405 
396 395 405 
406 398 396 
396 405 406 
397 407 403 
407 397 398 
406 407 398 
408 400 399 
408 399 401 
409 400 408 
410 408 401 
410 401 402 
402 403 411 
410 402 411 
403 407 412 
403 412 411 
404 413 414 
405 404 414 
405 414 415 
405 415 406 
407 416 412 
416 407 406 
415 416 406 
417 409 408 
417 408 410 
418 409 417 
419 417 410 
419 410 411 
411 412 421 
411 421 419 
412 416 422 
412 422 421 
413 420 423 
414 413 423 
424 415 414 
414 423 424 
416 425 422 
425 416 415 
424 425 415 
426 418 417 
426 417 419 
427 418 426 
429 426 419 
429 419 421 
420 428 430 
423 420 430 
421 422 431 
429 421 431 
422 425 432 
422 432 431 
423 430 433 
423 433 424 
425 434 432 
434 425 424 
433 434 424 
435 427 426 
435 426 429 
436 427 435 
428 437 438 
430 428 438 
438 437 439 
440 435 429 
440 429 431 
441 433 430 
430 438 441 
431 432 442 
431 442 440 
432 434 443 
432 443 442 
434 444 443 
444 434 433 
441 444 433 
445 436 435 
445 435 440 
446 436 445 
437 447 439 
438 439 448 
448 441 438 
439 447 449 
449 448 439 
450 445 440 
450 440 442 
451 444 441 
448 451 441 
442 443 452 
450 442 452 
444 451 453 
443 444 453 
443 453 452 
454 451 448 
455 446 445 
455 445 450 
456 446 455 
447 457 449 
458 454 448 
458 448 449 
449 457 459 
449 459 458 
460 455 450 
460 450 452 
451 454 461 
453 451 461 
453 461 462 
452 453 462 
452 462 460 
461 454 463 
454 464 463 
464 454 458 
465 456 455 
465 455 460 
466 456 465 
457 467 459 
468 464 458 
459 468 458 
459 467 469 
459 469 468 
470 465 460 
470 460 462 
461 463 471 
462 461 471 
470 462 471 
471 463 472 
463 464 473 
463 473 472 
464 474 473 
474 464 468 
475 466 465 
475 465 470 
476 466 475 
467 477 469 
478 474 468 
478 468 469 
469 477 479 
469 479 478 
480 475 470 
471 472 480 
480 470 471 
472 473 481 
480 472 481 
473 474 482 
473 482 481 
474 483 482 
483 474 478 
484 476 475 
484 475 480 
485 476 484 
477 486 479 
487 483 478 
479 487 478 
479 486 488 
479 488 487 
489 484 480 
489 480 481 
481 482 490 
481 490 489 
482 483 491 
482 491 490 
483 492 491 
492 483 487 
493 485 484 
493 484 489 
494 485 493 
486 495 488 
496 492 487 
496 487 488 
488 495 497 
488 497 496 
498 493 489 
498 489 490 
490 491 499 
498 490 499 
491 492 500 
491 500 499 
492 501 500 
501 492 496 
502 494 493 
502 493 498 
503 494 502 
495 504 497 
505 501 496 
497 505 496 
497 504 506 
497 506 505 
507 502 498 
507 498 499 
499 500 508 
499 508 507 
500 501 509 
500 509 508 
501 510 509 
510 501 505 
511 503 502 
511 502 507 
512 503 511 
504 513 506 
514 510 505 
514 505 506 
506 513 515 
506 515 514 
516 511 507 
516 507 508 
508 509 517 
516 508 517 
509 510 518 
509 518 517 
510 519 518 
519 510 514 
520 512 511 
520 511 516 
521 512 520 
513 522 515 
523 519 514 
515 523 514 
515 522 524 
515 524 523 
525 520 516 
525 516 517 
517 518 526 
517 526 525 
518 519 527 
518 527 526 
519 528 527 
528 519 523 
529 521 520 
529 520 525 
530 521 529 
522 531 524 
532 528 523 
532 523 524 
524 531 533 
524 533 532 
534 529 525 
534 525 526 
526 527 535 
534 526 535 
527 528 536 
527 536 535 
528 537 536 
537 528 532 
538 530 529 
538 529 534 
539 530 538 
531 540 533 
541 537 532 
533 541 532 
533 540 542 
533 542 541 
543 538 534 
543 534 535 
535 536 544 
535 544 543 
536 537 545 
536 545 544 
537 546 545 
546 537 541 
547 539 538 
547 538 543 
548 539 547 
540 549 542 
550 546 541 
550 541 542 
542 549 551 
542 551 550 
552 547 543 
552 543 544 
544 545 553 
552 544 553 
545 546 554 
545 554 553 
546 555 554 
555 546 550 
556 548 547 
556 547 552 
557 548 556 
549 558 551 
559 555 550 
551 559 550 
551 558 560 
551 560 559 
561 556 552 
561 552 553 
553 554 562 
553 562 561 
554 555 563 
554 563 562 
555 564 563 
564 555 559 
565 557 556 
565 556 561 
566 557 565 
558 567 560 
568 564 559 
568 559 560 
560 567 569 
560 569 568 
570 565 561 
570 561 562 
562 563 571 
570 562 571 
563 564 572 
563 572 571 
564 573 572 
573 564 568 
574 566 565 
574 565 570 
575 566 574 
567 576 569 
577 573 568 
569 577 568 
569 576 578 
569 578 577 
579 574 570 
579 570 571 
571 572 580 
571 580 579 
572 573 581 
572 581 580 
573 582 581 
582 573 577 
583 575 574 
583 574 579 
584 575 583 
576 585 578 
586 582 577 
586 577 578 
578 585 587 
578 587 586 
588 583 579 
588 579 580 
580 581 589 
588 580 589 
581 582 590 
581 590 589 
582 591 590 
591 582 586 
592 584 583 
592 583 588 
593 584 592 
585 594 587 
595 591 586 
587 595 586 
587 594 596 
587 596 595 
597 592 588 
597 588 589 
589 590 598 
589 598 597 
590 591 599 
590 599 598 
591 600 599 
600 591 595 
601 593 592 
601 592 597 
602 593 601 
594 603 596 
604 600 595 
604 595 596 
596 603 605 
596 605 604 
606 601 597 
606 597 598 
598 599 607 
606 598 607 
599 600 608 
599 608 607 
600 609 608 
609 600 604 
610 602 601 
610 601 606 
611 602 610 
603 612 605 
613 609 604 
605 613 604 
605 612 614 
605 614 613 
615 610 606 
615 606 607 
607 608 616 
607 616 615 
608 609 617 
608 617 616 
609 618 617 
618 609 613 
619 611 610 
619 610 615 
620 611 619 
612 621 614 
622 618 613 
622 613 614 
614 621 623 
614 623 622 
624 619 615 
624 615 616 
616 617 625 
624 616 625 
617 618 626 
617 626 625 
618 627 626 
627 618 622 
628 620 619 
628 619 624 
629 620 628 
621 630 623 
631 627 622 
623 631 622 
623 630 632 
623 632 631 
633 628 624 
633 624 625 
625 626 634 
625 634 633 
626 627 635 
626 635 634 
627 636 635 
636 627 631 
637 629 628 
637 628 633 
638 629 637 
630 639 632 
640 636 631 
640 631 632 
632 639 641 
632 641 640 
642 637 633 
642 633 634 
634 635 643 
642 634 643 
635 636 644 
635 644 643 
636 645 644 
645 636 640 
646 638 637 
646 637 642 
647 638 646 
639 648 641 
649 645 640 
641 649 640 
641 648 650 
641 650 649 
651 646 642 
651 642 643 
643 644 652 
643 652 651 
644 645 653 
644 653 652 
645 654 653 
654 645 649 
655 647 646 
655 646 651 
656 647 655 
648 657 650 
658 654 649 
658 649 650 
650 657 659 
650 659 658 
660 655 651 
660 651 652 
652 653 661 
660 652 661 
653 654 662 
653 662 661 
654 663 662 
663 654 658 
664 656 655 
664 655 660 
665 656 664 
657 666 659 
667 663 658 
659 667 658 
659 666 668 
659 668 667 
669 664 660 
669 660 661 
661 662 670 
661 670 669 
662 663 671 
662 671 670 
663 672 671 
672 663 667 
673 665 664 
673 664 669 
674 665 673 
666 675 668 
676 672 667 
676 667 668 
668 675 677 
668 677 676 
678 672 676 
679 673 669 
679 669 670 
670 671 680 
679 670 680 
672 678 681 
671 672 681 
671 681 680 
682 674 673 
682 673 679 
683 674 682 
675 684 677 
685 678 676 
677 685 676 
677 684 686 
677 686 685 
687 678 685 
678 687 688 
681 678 688 
689 682 679 
689 679 680 
681 688 690 
680 681 690 
680 690 689 
688 687 691 
692 683 682 
692 682 689 
693 683 692 
684 694 686 
695 687 685 
695 685 686 
686 694 696 
686 696 695 
687 697 691 
697 687 695 
688 691 698 
690 688 698 
699 692 689 
699 689 690 
699 690 698 
698 691 700 
691 697 701 
691 701 700 
702 693 692 
702 692 699 
703 693 702 
694 704 696 
705 697 695 
696 705 695 
696 704 706 
696 706 705 
697 707 701 
707 697 705 
708 702 699 
698 700 708 
708 699 698 
700 701 709 
708 700 709 
701 707 710 
701 710 709 
711 703 702 
711 702 708 
712 703 711 
704 713 706 
714 707 705 
714 705 706 
706 713 715 
706 715 714 
707 716 710 
716 707 714 
717 711 708 
717 708 709 
709 710 718 
709 718 717 
710 716 719 
710 719 718 
720 712 711 
720 711 717 
721 712 720 
713 722 715 
723 716 714 
715 723 714 
715 722 724 
715 724 723 
716 725 719 
725 716 723 
726 720 717 
726 717 718 
718 719 727 
726 718 727 
719 725 728 
719 728 727 
729 721 720 
729 720 726 
730 721 729 
722 731 724 
732 725 723 
732 723 724 
724 731 733 
724 733 732 
725 734 728 
734 725 732 
735 729 726 
735 726 727 
727 728 736 
727 736 735 
728 734 737 
728 737 736 
738 730 729 
738 729 735 
739 730 738 
731 740 733 
741 734 732 
733 741 732 
733 740 742 
733 742 741 
734 743 737 
743 734 741 
744 738 735 
744 735 736 
736 737 745 
744 736 745 
737 743 746 
737 746 745 
747 739 738 
747 738 744 
748 739 747 
740 749 742 
750 743 741 
750 741 742 
742 749 751 
742 751 750 
743 752 746 
752 743 750 
753 747 744 
753 744 745 
745 746 754 
745 754 753 
746 752 755 
746 755 754 
756 748 747 
756 747 753 
757 748 756 
749 758 751 
759 752 750 
751 759 750 
751 758 760 
751 760 759 
752 761 755 
761 752 759 
762 756 753 
762 753 754 
754 755 763 
762 754 763 
755 761 764 
755 764 763 
765 757 756 
765 756 762 
766 757 765 
758 767 760 
768 761 759 
768 759 760 
760 767 769 
760 769 768 
761 770 764 
770 761 768 
771 765 762 
771 762 763 
763 764 772 
763 772 771 
764 770 773 
764 773 772 
774 766 765 
774 765 771 
775 766 774 
767 776 769 
777 770 768 
769 777 768 
769 776 778 
769 778 777 
770 779 773 
779 770 777 
780 774 771 
780 771 772 
772 773 781 
780 772 781 
773 779 782 
773 782 781 
783 775 774 
783 774 780 
784 775 783 
776 785 778 
786 779 777 
786 777 778 
778 785 787 
778 787 786 
779 788 782 
788 779 786 
789 783 780 
789 780 781 
781 782 790 
781 790 789 
782 788 791 
782 791 790 
792 784 783 
792 783 789 
793 784 792 
785 794 787 
795 788 786 
787 795 786 
787 794 796 
787 796 795 
788 797 791 
797 788 795 
798 792 789 
798 789 790 
790 791 799 
798 790 799 
791 797 800 
791 800 799 
801 793 792 
801 792 798 
802 793 801 
794 803 796 
804 797 795 
804 795 796 
796 803 805 
796 805 804 
797 806 800 
806 797 804 
807 801 798 
807 798 799 
799 800 808 
799 808 807 
800 806 809 
800 809 808 
810 802 801 
810 801 807 
811 802 810 
803 812 805 
813 806 804 
805 813 804 
805 812 814 
805 814 813 
806 815 809 
815 806 813 
816 810 807 
816 807 808 
808 809 817 
816 808 817 
809 815 818 
809 818 817 
819 811 810 
819 810 816 
820 811 819 
812 821 814 
822 815 813 
822 813 814 
814 821 823 
814 823 822 
815 824 818 
824 815 822 
825 819 816 
825 816 817 
817 818 826 
817 826 825 
818 824 827 
818 827 826 
828 820 819 
828 819 825 
829 820 828 
821 830 823 
831 824 822 
823 831 822 
823 830 832 
823 832 831 
824 833 827 
833 824 831 
834 828 825 
834 825 826 
826 827 835 
834 826 835 
827 833 836 
827 836 835 
837 829 828 
837 828 834 
838 829 837 
830 839 832 
840 833 831 
840 831 832 
832 839 841 
832 841 840 
833 842 836 
842 833 840 
843 837 834 
843 834 835 
835 836 844 
835 844 843 
836 842 845 
836 845 844 
846 838 837 
846 837 843 
847 838 846 
839 848 841 
849 842 840 
841 849 840 
841 848 850 
841 850 849 
842 851 845 
851 842 849 
852 846 843 
852 843 844 
844 845 853 
852 844 853 
845 851 854 
845 854 853 
855 847 846 
855 846 852 
856 847 855 
848 857 850 
858 851 849 
858 849 850 
850 857 859 
850 859 858 
851 860 854 
860 851 858 
861 855 852 
861 852 853 
853 854 862 
853 862 861 
854 860 863 
854 863 862 
864 856 855 
864 855 861 
865 856 864 
857 866 859 
867 860 858 
859 867 858 
859 866 868 
859 868 867 
860 869 863 
869 860 867 
870 864 861 
870 861 862 
862 863 871 
870 862 871 
863 869 872 
863 872 871 
873 865 864 
873 864 870 
874 865 873 
866 875 868 
876 869 867 
876 867 868 
868 875 877 
868 877 876 
869 878 872 
878 869 876 
879 873 870 
879 870 871 
871 872 880 
871 880 879 
872 878 881 
872 881 880 
882 874 873 
882 873 879 
883 874 882 
875 884 877 
885 878 876 
877 885 876 
877 884 886 
877 886 885 
878 887 881 
887 878 885 
888 882 879 
888 879 880 
880 881 889 
888 880 889 
881 887 890 
881 890 889 
891 883 882 
891 882 888 
892 883 891 
884 893 886 
894 887 885 
894 885 886 
886 893 895 
886 895 894 
887 896 890 
896 887 894 
897 891 888 
897 888 889 
889 890 898 
889 898 897 
890 896 899 
890 899 898 
900 892 891 
900 891 897 
901 892 900 
893 902 895 
903 896 894 
895 903 894 
895 902 904 
895 904 903 
896 905 899 
905 896 903 
906 900 897 
906 897 898 
898 899 907 
906 898 907 
899 905 908 
899 908 907 
909 901 900 
909 900 906 
910 901 909 
902 911 904 
912 905 903 
912 903 904 
904 911 913 
904 913 912 
905 914 908 
914 905 912 
915 909 906 
915 906 907 
908 914 916 
908 916 917 
907 908 917 
907 917 915 
918 910 909 
918 909 915 
919 910 918 
911 920 913 
913 920 921 
922 914 912 
913 921 922 
913 922 912 
914 923 916 
923 914 922 
916 923 924 
925 918 915 
925 915 917 
916 924 926 
917 916 926 
925 917 926 
926 924 927 
928 919 918 
928 918 925 
929 919 928 
920 931 921 
921 931 930 
932 923 922 
932 922 921 
921 930 932 
923 933 924 
933 923 932 
924 933 934 
924 934 927 
935 928 925 
926 927 935 
935 925 926 
927 934 936 
935 927 936 
937 929 928 
937 928 935 
938 929 937 
930 939 932 
931 940 930 
930 940 939 
941 933 932 
939 941 932 
933 942 934 
942 933 941 
934 942 943 
934 943 936 
944 937 935 
944 935 936 
936 943 945 
936 945 944 
946 938 937 
946 937 944 
947 938 946 
939 948 941 
940 949 939 
939 949 948 
950 942 941 
950 941 948 
942 951 943 
951 942 950 
943 951 952 
943 952 945 
953 946 944 
953 944 945 
945 952 954 
953 945 954 
955 947 946 
955 946 953 
956 947 955 
948 957 950 
949 958 948 
948 958 957 
959 951 950 
957 959 950 
951 960 952 
960 951 959 
952 960 961 
952 961 954 
962 955 953 
962 953 954 
954 961 963 
954 963 962 
964 956 955 
964 955 962 
965 956 964 
957 966 959 
958 967 957 
957 967 966 
968 960 959 
968 959 966 
960 969 961 
969 960 968 
961 969 970 
961 970 963 
971 964 962 
971 962 963 
963 970 972 
971 963 972 
973 965 964 
973 964 971 
974 965 973 
966 975 968 
967 976 966 
966 976 975 
977 969 968 
975 977 968 
969 978 970 
978 969 977 
970 978 979 
970 979 972 
980 973 971 
980 971 972 
972 979 981 
972 981 980 
982 974 973 
982 973 980 
983 974 982 
975 984 977 
976 985 975 
975 985 984 
986 978 977 
986 977 984 
978 987 979 
987 978 986 
979 987 988 
979 988 981 
989 982 980 
989 980 981 
981 988 990 
989 981 990 
991 983 982 
991 982 989 
992 983 991 
984 993 986 
985 994 984 
984 994 993 
995 987 986 
993 995 986 
987 996 988 
996 987 995 
988 996 997 
988 997 990 
998 991 989 
998 989 990 
990 997 999 
990 999 998 
1000 992 991 
1000 991 998 
1001 992 1000 
993 1002 995 
994 1003 993 
993 1003 1002 
1004 996 995 
1004 995 1002 
996 1005 997 
1005 996 1004 
997 1005 1006 
997 1006 999 
1007 1000 998 
1007 998 999 
999 1006 1008 
1007 999 1008 
1009 1001 1000 
1009 1000 1007 
1010 1001 1009 
1002 1011 1004 
1003 1012 1002 
1002 1012 1011 
1013 1005 1004 
1011 1013 1004 
1005 1014 1006 
1014 1005 1013 
1006 1014 1015 
1006 1015 1008 
1016 1009 1007 
1016 1007 1008 
1008 1015 1017 
1008 1017 1016 
1018 1010 1009 
1018 1009 1016 
1019 1010 1018 
1011 1020 1013 
1012 1021 1011 
1011 1021 1020 
1022 1014 1013 
1022 1013 1020 
1014 1023 1015 
1023 1014 1022 
1015 1023 1024 
1015 1024 1017 
1025 1018 1016 
1025 1016 1017 
1017 1024 1026 
1025 1017 1026 
1027 1019 1018 
1027 1018 1025 
1028 1019 1027 
1020 1029 1022 
1021 1030 1020 
1020 1030 1029 
1031 1023 1022 
1029 1031 1022 
1023 1032 1024 
1032 1023 1031 
1024 1032 1033 
1024 1033 1026 
1034 1027 1025 
1034 1025 1026 
1026 1033 1035 
1026 1035 1034 
1036 1028 1027 
1036 1027 1034 
1037 1028 1036 
1029 1038 1031 
1030 1039 1029 
1029 1039 1038 
1040 1032 1031 
1040 1031 1038 
1032 1041 1033 
1041 1032 1040 
1033 1041 1042 
1033 1042 1035 
1043 1036 1034 
1043 1034 1035 
1035 1042 1044 
1043 1035 1044 
1045 1037 1036 
1045 1036 1043 
1046 1037 1045 
1038 1047 1040 
1039 1048 1038 
1038 1048 1047 
1049 1041 1040 
1047 1049 1040 
1041 1050 1042 
1050 1041 1049 
1042 1050 1051 
1042 1051 1044 
1052 1045 1043 
1052 1043 1044 
1044 1051 1053 
1044 1053 1052 
1054 1046 1045 
1054 1045 1052 
1055 1046 1054 
1047 1056 1049 
1048 1057 1047 
1047 1057 1056 
1058 1050 1049 
1058 1049 1056 
1050 1059 1051 
1059 1050 1058 
1051 1059 1060 
1051 1060 1053 
1061 1054 1052 
1061 1052 1053 
1053 1060 1062 
1061 1053 1062 
1063 1055 1054 
1063 1054 1061 
1064 1055 1063 
1056 1065 1058 
1057 1066 1056 
1056 1066 1065 
1067 1059 1058 
1065 1067 1058 
1059 1068 1060 
1068 1059 1067 
1060 1068 1069 
1060 1069 1062 
1070 1063 1061 
1070 1061 1062 
1062 1069 1071 
1062 1071 1070 
1072 1064 1063 
1072 1063 1070 
1073 1064 1072 
1065 1074 1067 
1066 1075 1065 
1065 1075 1074 
1076 1068 1067 
1076 1067 1074 
1068 1077 1069 
1077 1068 1076 
1069 1077 1078 
1069 1078 1071 
1079 1072 1070 
1079 1070 1071 
1071 1078 1080 
1079 1071 1080 
1081 1073 1072 
1081 1072 1079 
1082 1073 1081 
1074 1083 1076 
1075 1084 1074 
1074 1084 1083 
1085 1077 1076 
1083 1085 1076 
1077 1086 1078 
1086 1077 1085 
1078 1086 1087 
1078 1087 1080 
1088 1081 1079 
1088 1079 1080 
1080 1087 1089 
1080 1089 1088 
1090 1082 1081 
1090 1081 1088 
1091 1082 1090 
1083 1092 1085 
1084 1093 1083 
1083 1093 1092 
1094 1086 1085 
1094 1085 1092 
1086 1095 1087 
1095 1086 1094 
1087 1095 1096 
1087 1096 1089 
1097 1090 1088 
1097 1088 1089 
1089 1096 1098 
1097 1089 1098 
1099 1091 1090 
1099 1090 1097 
1100 1091 1099 
1092 1101 1094 
1093 1102 1092 
1092 1102 1101 
1103 1095 1094 
1101 1103 1094 
1095 1104 1096 
1104 1095 1103 
1096 1104 1105 
1096 1105 1098 
1106 1099 1097 
1106 1097 1098 
1098 1105 1107 
1098 1107 1106 
1108 1100 1099 
1108 1099 1106 
1109 1100 1108 
1101 1110 1103 
1102 1111 1101 
1101 1111 1110 
1112 1104 1103 
1112 1103 1110 
1104 1113 1105 
1113 1104 1112 
1105 1113 1114 
1105 1114 1107 
1115 1108 1106 
1115 1106 1107 
1107 1114 1116 
1115 1107 1116 
1117 1109 1108 
1117 1108 1115 
1118 1109 1117 
1110 1119 1112 
1111 1120 1110 
1110 1120 1119 
1121 1113 1112 
1119 1121 1112 
1113 1122 1114 
1122 1113 1121 
1114 1122 1123 
1114 1123 1116 
1124 1117 1115 
1124 1115 1116 
1116 1123 1125 
1116 1125 1124 
1126 1118 1117 
1126 1117 1124 
1127 1118 1126 
1119 1128 1121 
1120 1129 1119 
1119 1129 1128 
1130 1122 1121 
1130 1121 1128 
1122 1131 1123 
1131 1122 1130 
1123 1131 1132 
1123 1132 1125 
1133 1126 1124 
1133 1124 1125 
1125 1132 1134 
1133 1125 1134 
1135 1127 1126 
1135 1126 1133 
1136 1127 1135 
1128 1137 1130 
1129 1138 1128 
1128 1138 1137 
1139 1131 1130 
1137 1139 1130 
1131 1140 1132 
1140 1131 1139 
1132 1140 1141 
1132 1141 1134 
1142 1135 1133 
1142 1133 1134 
1134 1141 1143 
1134 1143 1142 
1144 1136 1135 
1144 1135 1142 
1145 1136 1144 
1137 1146 1139 
1138 1147 1137 
1137 1147 1146 
1148 1140 1139 
1148 1139 1146 
1140 1149 1141 
1149 1140 1148 
1141 1149 1150 
1141 1150 1143 
1151 1144 1142 
1151 1142 1143 
1143 1150 1152 
1151 1143 1152 
1153 1145 1144 
1153 1144 1151 
1154 1145 1153 
1146 1155 1148 
1147 1156 1146 
1146 1156 1155 
1157 1149 1148 
1155 1157 1148 
1149 1158 1150 
1158 1149 1157 
1150 1158 1159 
1150 1159 1152 
1152 1159 1160 
1161 1153 1151 
1152 1160 1161 
1161 1151 1152 
1162 1154 1153 
1162 1153 1161 
1163 1154 1162 
1155 1164 1157 
1156 1165 1155 
1155 1165 1164 
1166 1158 1157 
1166 1157 1164 
1158 1167 1159 
1167 1158 1166 
1159 1167 1168 
1159 1168 1160 
1160 1168 1169 
1170 1162 1161 
1170 1161 1160 
1170 1160 1169 
1171 1163 1162 
1171 1162 1170 
1172 1163 1171 
1164 1173 1166 
1165 1174 1164 
1164 1174 1173 
1175 1167 1166 
1173 1175 1166 
1167 1176 1168 
1176 1167 1175 
1168 1176 1177 
1168 1177 1169 
1169 1177 1178 
1169 1178 1170 
1179 1171 1170 
1179 1170 1178 
1180 1172 1171 
1180 1171 1179 
1181 1172 1180 
1173 1182 1175 
1174 1183 1173 
1173 1183 1182 
1184 1176 1175 
1184 1175 1182 
1176 1185 1177 
1185 1176 1184 
1177 1185 1186 
1177 1186 1178 
1178 1186 1187 
1179 1178 1187 
1188 1180 1179 
1188 1179 1187 
1189 1181 1180 
1189 1180 1188 
1190 1181 1189 
1182 1191 1184 
1183 1192 1182 
1182 1192 1191 
1193 1185 1184 
1191 1193 1184 
1185 1194 1186 
1194 1185 1193 
1186 1194 1195 
1186 1195 1187 
1187 1195 1196 
1187 1196 1188 
1197 1189 1188 
1197 1188 1196 
1198 1190 1189 
1198 1189 1197 
1199 1190 1198 
1191 1200 1193 
1192 1201 1191 
1191 1201 1200 
1202 1194 1193 
1202 1193 1200 
1194 1203 1195 
1203 1194 1202 
1195 1203 1204 
1195 1204 1196 
1196 1204 1205 
1197 1196 1205 
1206 1198 1197 
1206 1197 1205 
1207 1199 1198 
1207 1198 1206 
1208 1199 1207 
1200 1209 1202 
1201 1210 1200 
1200 1210 1209 
1211 1203 1202 
1209 1211 1202 
1203 1212 1204 
1212 1203 1211 
1204 1212 1213 
1204 1213 1205 
1205 1213 1214 
1205 1214 1206 
1215 1207 1206 
1215 1206 1214 
1216 1208 1207 
1216 1207 1215 
1217 1208 1216 
1209 1218 1211 
1210 1219 1209 
1209 1219 1218 
1220 1212 1211 
1220 1211 1218 
1212 1221 1213 
1221 1212 1220 
1213 1221 1222 
1213 1222 1214 
1214 1222 1223 
1215 1214 1223 
1224 1216 1215 
1224 1215 1223 
1225 1217 1216 
1225 1216 1224 
1226 1217 1225 
1218 1227 1220 
1219 1228 1218 
1218 1228 1227 
1229 1221 1220 
1227 1229 1220 
1221 1230 1222 
1230 1221 1229 
1222 1230 1231 
1222 1231 1223 
1223 1231 1232 
1223 1232 1224 
1233 1225 1224 
1233 1224 1232 
1234 1226 1225 
1234 1225 1233 
1235 1226 1234 
1227 1236 1229 
1228 1237 1227 
1227 1237 1236 
1238 1230 1229 
1238 1229 1236 
1230 1239 1231 
1239 1230 1238 
1231 1239 1240 
1231 1240 1232 
1232 1240 1241 
1233 1232 1241 
1242 1234 1233 
1242 1233 1241 
1243 1235 1234 
1243 1234 1242 
1244 1235 1243 
1236 1245 1238 
1237 1246 1236 
1236 1246 1245 
1247 1239 1238 
1245 1247 1238 
1239 1248 1240 
1248 1239 1247 
1240 1248 1249 
1240 1249 1241 
1241 1249 1250 
1241 1250 1242 
1251 1243 1242 
1251 1242 1250 
1252 1244 1243 
1252 1243 1251 
1253 1244 1252 
1245 1254 1247 
1246 1255 1245 
1245 1255 1254 
1256 1248 1247 
1256 1247 1254 
1248 1257 1249 
1257 1248 1256 
1249 1257 1258 
1249 1258 1250 
1250 1258 1259 
1251 1250 1259 
1260 1252 1251 
1260 1251 1259 
1261 1253 1252 
1261 1252 1260 
1262 1253 1261 
1254 1263 1256 
1255 1264 1254 
1254 1264 1263 
1265 1257 1256 
1263 1265 1256 
1257 1266 1258 
1266 1257 1265 
1258 1266 1267 
1258 1267 1259 
1259 1267 1268 
1259 1268 1260 
1269 1261 1260 
1269 1260 1268 
1270 1262 1261 
1270 1261 1269 
1271 1262 1270 
1263 1272 1265 
1264 1273 1263 
1263 1273 1272 
1274 1266 1265 
1274 1265 1272 
1266 1275 1267 
1275 1266 1274 
1267 1275 1276 
1267 1276 1268 
1268 1276 1277 
1269 1268 1277 
1278 1270 1269 
1278 1269 1277 
1279 1271 1270 
1279 1270 1278 
1280 1271 1279 
1272 1281 1274 
1273 1282 1272 
1272 1282 1281 
1283 1275 1274 
1281 1283 1274 
1275 1284 1276 
1284 1275 1283 
1276 1284 1285 
1276 1285 1277 
1277 1285 1286 
1277 1286 1278 
1287 1279 1278 
1287 1278 1286 
1288 1280 1279 
1288 1279 1287 
1289 1280 1288 
1281 1290 1283 
1282 1291 1281 
1281 1291 1290 
1292 1284 1283 
1292 1283 1290 
1284 1293 1285 
1293 1284 1292 
1285 1293 1294 
1285 1294 1286 
1286 1294 1295 
1287 1286 1295 
1296 1288 1287 
1296 1287 1295 
1297 1289 1288 
1297 1288 1296 
1298 1289 1297 
1290 1299 1292 
1291 1300 1290 
1290 1300 1299 
1301 1293 1292 
1299 1301 1292 
1293 1302 1294 
1302 1293 1301 
1294 1302 1303 
1294 1303 1295 
1295 1303 1304 
1295 1304 1296 
1305 1297 1296 
1305 1296 1304 
1306 1298 1297 
1306 1297 1305 
1307 1298 1306 
1299 1308 1301 
1300 1309 1299 
1299 1309 1308 
1310 1302 1301 
1310 1301 1308 
1302 1311 1303 
1311 1302 1310 
1303 1311 1312 
1303 1312 1304 
1304 1312 1313 
1305 1304 1313 
1315 1306 1305 
1315 1305 1313 
1314 1307 1316 
1316 1307 1306 
1316 1306 1315 
1308 1317 1310 
1309 1318 1308 
1308 1318 1317 
1319 1311 1310 
1317 1319 1310 
1311 1320 1312 
1320 1311 1319 
1312 1320 1321 
1312 1321 1313 
1313 1321 1322 
1313 1322 1315 
1323 1314 1324 
1324 1314 1316 
1324 1316 1325 
1325 1316 1315 
1325 1315 1322 
1317 1326 1319 
1318 1327 1317 
1317 1327 1326 
1328 1320 1319 
1328 1319 1326 
1320 1329 1321 
1329 1320 1328 
1321 1329 1330 
1321 1330 1322 
1322 1330 1331 
1325 1322 1331 
1332 1323 1333 
1333 1323 1324 
1333 1324 1334 
1334 1324 1325 
1334 1325 1331 
1326 1335 1328 
1327 1336 1326 
1326 1336 1335 
1337 1329 1328 
1335 1337 1328 
1329 1338 1330 
1338 1329 1337 
1330 1338 1339 
1330 1339 1331 
1331 1339 1341 
1331 1341 1334 
1340 1332 1342 
1342 1332 1333 
1342 1333 1343 
1343 1333 1334 
1343 1334 1341 
1335 1344 1337 
1336 1345 1335 
1335 1345 1344 
1347 1338 1337 
1347 1337 1344 
1338 1348 1339 
1348 1338 1347 
1339 1348 1349 
1339 1349 1341 
1346 1340 1350 
1350 1340 1342 
1341 1349 1351 
1343 1341 1351 
1350 1342 1352 
1352 1342 1343 
1352 1343 1351 
1344 1353 1347 
1345 1354 1344 
1344 1354 1353 
1355 1346 1356 
1356 1346 1350 
1357 1348 1347 
1353 1357 1347 
1348 1358 1349 
1358 1348 1357 
1349 1358 1359 
1349 1359 1351 
1356 1350 1360 
1360 1350 1352 
1351 1359 1361 
1351 1361 1352 
1360 1352 1361 
1353 1362 1357 
1354 1363 1353 
1353 1363 1362 
1364 1355 1365 
1365 1355 1356 
1365 1356 1366 
1366 1356 1360 
1367 1358 1357 
1367 1357 1362 
1358 1368 1359 
1368 1358 1367 
1359 1368 1369 
1359 1369 1361 
1361 1369 1370 
1366 1360 1370 
1360 1361 1370 
1362 1371 1367 
1363 1372 1362 
1362 1372 1371 
1373 1364 1365 
1374 1364 1373 
1373 1365 1375 
1375 1365 1366 
1370 1376 1366 
1375 1366 1376 
1377 1368 1367 
1371 1377 1367 
1368 1378 1369 
1378 1368 1377 
1369 1378 1379 
1369 1379 1370 
1370 1379 1376 
1371 1380 1377 
1372 1381 1371 
1371 1381 1380 
1382 1373 1375 
1383 1374 1373 
1383 1373 1382 
1384 1374 1383 
1382 1375 1386 
1375 1376 1386 
1379 1387 1376 
1376 1387 1386 
1388 1378 1377 
1388 1377 1380 
1378 1389 1379 
1379 1389 1387 
1389 1378 1388 
1380 1390 1388 
1381 1391 1380 
1380 1391 1390 
1386 1392 1382 
1393 1383 1382 
1393 1382 1392 
1385 1384 1394 
1394 1384 1383 
1394 1383 1393 
1385 1394 1395 
1396 1385 1395 
1387 1397 1386 
1386 1397 1392 
1389 1398 1387 
1387 1398 1397 
1398 1389 1399 
1399 1389 1388 
1390 1399 1388 
1390 1400 1399 
1391 1401 1390 
1390 1401 1400 
1397 1402 1392 
1392 1402 1403 
1393 1392 1403 
1394 1393 1404 
1403 1404 1393 
1405 1395 1394 
1404 1405 1394 
1406 1396 1395 
1405 1406 1395 
1398 1407 1397 
1397 1407 1402 
1407 1398 1408 
1408 1398 1399 
1408 1399 1400 
1400 1409 1408 
1401 1410 1400 
1400 1410 1409 
1407 1411 1402 
1402 1411 1412 
1402 1412 1403 
1413 1405 1404 
1403 1412 1413 
1413 1404 1403 
1414 1406 1405 
1413 1414 1405 
1411 1407 1415 
1415 1407 1408 
1415 1408 1409 
1409 1416 1415 
1410 1417 1409 
1409 1417 1416 
1418 1411 1415 
1411 1419 1412 
1419 1411 1418 
1412 1419 1420 
1412 1420 1413 
1421 1414 1413 
1421 1413 1420 
1418 1415 1422 
1422 1415 1416 
1417 1423 1416 
1416 1423 1422 
1419 1418 1424 
1424 1418 1422 
1419 1425 1420 
1425 1421 1420 
1425 1419 1424 
1422 1426 1424 
1423 1427 1422 
1422 1427 1426 
1428 1425 1424 
1426 1428 1424 
1429 1428 1426 
1427 1429 1426 

0 # number of geometric entity indices
